(17.0, 8.0, 0.0, NaN) - 11
(17.0, 8.0, 0.0, NaN) - 8
(17.0, 8.0, 0.0, NaN) - 7
(17.0, 8.0, 0.0, NaN) - 9
(17.0, 8.0, 0.0, NaN) - 9
(17.0, 8.0, 0.0, NaN) - 7
(17.0, 8.0, 0.0, NaN) - 9
(17.0, 8.0, 0.0, NaN) - 12
(17.0, 8.0, 0.0, NaN) - 7
(17.0, 8.0, 0.0, NaN) - 7
(17.0, 8.0, 0.0, NaN) - 10
(17.0, 8.0, 0.0, NaN) - 8
(17.0, 8.0, 0.0, NaN) - 7
(17.0, 8.0, 0.0, NaN) - 10
(17.0, 8.0, 0.0, NaN) - 9
(17.0, 8.0, 0.0, NaN) - 9
(17.0, 8.0, 0.0, NaN) - 11
(17.0, 8.0, 0.0, NaN) - 7
(17.0, 8.0, 0.0, NaN) - 8
(17.0, 8.0, 0.0, NaN) - 9
(17.0, 8.0, 0.0, NaN) - 9
(17.0, 8.0, 0.0, NaN) - 6
(17.0, 8.0, 0.0, NaN) - 11
(17.0, 8.0, 0.0, NaN) - 9
(17.0, 8.0, 0.0, NaN) - 10
(2.0, -7.75, 0.0, NaN) - 13
(2.0, -7.75, 0.0, NaN) - 15
(2.0, -7.75, 0.0, NaN) - 11
(2.0, -7.75, 0.0, NaN) - 14
(2.0, -7.75, 0.0, NaN) - 11
(2.0, -7.75, 0.0, NaN) - 12
(2.0, -7.75, 0.0, NaN) - 14
(2.0, -7.75, 0.0, NaN) - 12
(2.0, -7.75, 0.0, NaN) - 11
(2.0, -7.75, 0.0, NaN) - 13
(2.0, -7.75, 0.0, NaN) - 14
(2.0, -7.75, 0.0, NaN) - 11
(2.0, -7.75, 0.0, NaN) - 12
(2.0, -7.75, 0.0, NaN) - 13
(2.0, -7.75, 0.0, NaN) - 11
(2.0, -7.75, 0.0, NaN) - 10
(2.0, -7.75, 0.0, NaN) - 14
(2.0, -7.75, 0.0, NaN) - 11
(2.0, -7.75, 0.0, NaN) - 13
(2.0, -7.75, 0.0, NaN) - 14
(2.0, -7.75, 0.0, NaN) - 13
(2.0, -7.75, 0.0, NaN) - 13
(2.0, -7.75, 0.0, NaN) - 12
(2.0, -7.75, 0.0, NaN) - 10
(2.0, -7.75, 0.0, NaN) - 14
(-2.5, -9.25, 0.0, NaN) - 10
(-2.5, -9.25, 0.0, NaN) - 10
(-2.5, -9.25, 0.0, NaN) - 8
(-2.5, -9.25, 0.0, NaN) - 8
(-2.5, -9.25, 0.0, NaN) - 10
(-2.5, -9.25, 0.0, NaN) - 8
(-2.5, -9.25, 0.0, NaN) - 9
(-2.5, -9.25, 0.0, NaN) - 12
(-2.5, -9.25, 0.0, NaN) - 11
(-2.5, -9.25, 0.0, NaN) - 9
(-2.5, -9.25, 0.0, NaN) - 11
(-2.5, -9.25, 0.0, NaN) - 10
(-2.5, -9.25, 0.0, NaN) - 10
(-2.5, -9.25, 0.0, NaN) - 8
(-2.5, -9.25, 0.0, NaN) - 10
(-2.5, -9.25, 0.0, NaN) - 10
(-2.5, -9.25, 0.0, NaN) - 11
(-2.5, -9.25, 0.0, NaN) - 10
(-2.5, -9.25, 0.0, NaN) - 12
(-2.5, -9.25, 0.0, NaN) - 8
(-2.5, -9.25, 0.0, NaN) - 10
(-2.5, -9.25, 0.0, NaN) - 9
(-2.5, -9.25, 0.0, NaN) - 9
(-2.5, -9.25, 0.0, NaN) - 10
(-2.5, -9.25, 0.0, NaN) - 9
(0.5, 8.0, 0.0, NaN) - 11
(0.5, 8.0, 0.0, NaN) - 14
(0.5, 8.0, 0.0, NaN) - 10
(0.5, 8.0, 0.0, NaN) - 12
(0.5, 8.0, 0.0, NaN) - 15
(0.5, 8.0, 0.0, NaN) - 14
(0.5, 8.0, 0.0, NaN) - 16
(0.5, 8.0, 0.0, NaN) - 13
(0.5, 8.0, 0.0, NaN) - 13
(0.5, 8.0, 0.0, NaN) - 12
(0.5, 8.0, 0.0, NaN) - 17
(0.5, 8.0, 0.0, NaN) - 15
(0.5, 8.0, 0.0, NaN) - 14
(0.5, 8.0, 0.0, NaN) - 15
(0.5, 8.0, 0.0, NaN) - 15
(0.5, 8.0, 0.0, NaN) - 14
(0.5, 8.0, 0.0, NaN) - 15
(0.5, 8.0, 0.0, NaN) - 10
(0.5, 8.0, 0.0, NaN) - 14
(0.5, 8.0, 0.0, NaN) - 14
(0.5, 8.0, 0.0, NaN) - 12
(0.5, 8.0, 0.0, NaN) - 11
(0.5, 8.0, 0.0, NaN) - 16
(0.5, 8.0, 0.0, NaN) - 11
(0.5, 8.0, 0.0, NaN) - 16
(29.0, 8.0, 0.0, NaN) - 7
(29.0, 8.0, 0.0, NaN) - 8
(29.0, 8.0, 0.0, NaN) - 8
(29.0, 8.0, 0.0, NaN) - 6
(29.0, 8.0, 0.0, NaN) - 9
(29.0, 8.0, 0.0, NaN) - 6
(29.0, 8.0, 0.0, NaN) - 10
(29.0, 8.0, 0.0, NaN) - 5
(29.0, 8.0, 0.0, NaN) - 6
(29.0, 8.0, 0.0, NaN) - 7
(29.0, 8.0, 0.0, NaN) - 8
(29.0, 8.0, 0.0, NaN) - 5
(29.0, 8.0, 0.0, NaN) - 8
(29.0, 8.0, 0.0, NaN) - 6
(29.0, 8.0, 0.0, NaN) - 9
(29.0, 8.0, 0.0, NaN) - 5
(29.0, 8.0, 0.0, NaN) - 9
(29.0, 8.0, 0.0, NaN) - 7
(29.0, 8.0, 0.0, NaN) - 7
(29.0, 8.0, 0.0, NaN) - 8
(29.0, 8.0, 0.0, NaN) - 9
(29.0, 8.0, 0.0, NaN) - 7
(29.0, 8.0, 0.0, NaN) - 8
(29.0, 8.0, 0.0, NaN) - 7
(29.0, 8.0, 0.0, NaN) - 9
(32.0, 6.5, 0.0, NaN) - 7
(32.0, 6.5, 0.0, NaN) - 6
(32.0, 6.5, 0.0, NaN) - 5
(32.0, 6.5, 0.0, NaN) - 7
(32.0, 6.5, 0.0, NaN) - 7
(32.0, 6.5, 0.0, NaN) - 8
(32.0, 6.5, 0.0, NaN) - 6
(32.0, 6.5, 0.0, NaN) - 7
(32.0, 6.5, 0.0, NaN) - 6
(32.0, 6.5, 0.0, NaN) - 6
(32.0, 6.5, 0.0, NaN) - 8
(32.0, 6.5, 0.0, NaN) - 9
(32.0, 6.5, 0.0, NaN) - 6
(32.0, 6.5, 0.0, NaN) - 5
(32.0, 6.5, 0.0, NaN) - 8
(32.0, 6.5, 0.0, NaN) - 7
(32.0, 6.5, 0.0, NaN) - 8
(32.0, 6.5, 0.0, NaN) - 8
(32.0, 6.5, 0.0, NaN) - 7
(32.0, 6.5, 0.0, NaN) - 7
(32.0, 6.5, 0.0, NaN) - 8
(32.0, 6.5, 0.0, NaN) - 7
(32.0, 6.5, 0.0, NaN) - 8
(32.0, 6.5, 0.0, NaN) - 7
(32.0, 6.5, 0.0, NaN) - 7
(0.5, -16.75, 0.0, NaN) - 7
(0.5, -16.75, 0.0, NaN) - 10
(0.5, -16.75, 0.0, NaN) - 11
(0.5, -16.75, 0.0, NaN) - 12
(0.5, -16.75, 0.0, NaN) - 9
(0.5, -16.75, 0.0, NaN) - 13
(0.5, -16.75, 0.0, NaN) - 12
(0.5, -16.75, 0.0, NaN) - 11
(0.5, -16.75, 0.0, NaN) - 11
(0.5, -16.75, 0.0, NaN) - 9
(0.5, -16.75, 0.0, NaN) - 12
(0.5, -16.75, 0.0, NaN) - 8
(0.5, -16.75, 0.0, NaN) - 12
(0.5, -16.75, 0.0, NaN) - 7
(0.5, -16.75, 0.0, NaN) - 9
(0.5, -16.75, 0.0, NaN) - 10
(0.5, -16.75, 0.0, NaN) - 12
(0.5, -16.75, 0.0, NaN) - 11
(0.5, -16.75, 0.0, NaN) - 9
(0.5, -16.75, 0.0, NaN) - 9
(0.5, -16.75, 0.0, NaN) - 11
(0.5, -16.75, 0.0, NaN) - 8
(0.5, -16.75, 0.0, NaN) - 12
(0.5, -16.75, 0.0, NaN) - 10
(0.5, -16.75, 0.0, NaN) - 11
(-19.0, -9.25, 0.0, NaN) - 8
(-19.0, -9.25, 0.0, NaN) - 9
(-19.0, -9.25, 0.0, NaN) - 10
(-19.0, -9.25, 0.0, NaN) - 10
(-19.0, -9.25, 0.0, NaN) - 10
(-19.0, -9.25, 0.0, NaN) - 9
(-19.0, -9.25, 0.0, NaN) - 9
(-19.0, -9.25, 0.0, NaN) - 9
(-19.0, -9.25, 0.0, NaN) - 11
(-19.0, -9.25, 0.0, NaN) - 10
(-19.0, -9.25, 0.0, NaN) - 9
(-19.0, -9.25, 0.0, NaN) - 9
(-19.0, -9.25, 0.0, NaN) - 9
(-19.0, -9.25, 0.0, NaN) - 10
(-19.0, -9.25, 0.0, NaN) - 10
(-19.0, -9.25, 0.0, NaN) - 8
(-19.0, -9.25, 0.0, NaN) - 10
(-19.0, -9.25, 0.0, NaN) - 8
(-19.0, -9.25, 0.0, NaN) - 10
(-19.0, -9.25, 0.0, NaN) - 7
(-19.0, -9.25, 0.0, NaN) - 12
(-19.0, -9.25, 0.0, NaN) - 6
(-19.0, -9.25, 0.0, NaN) - 10
(-19.0, -9.25, 0.0, NaN) - 9
(-19.0, -9.25, 0.0, NaN) - 10
(12.5, 8.0, 0.0, NaN) - 12
(12.5, 8.0, 0.0, NaN) - 12
(12.5, 8.0, 0.0, NaN) - 10
(12.5, 8.0, 0.0, NaN) - 13
(12.5, 8.0, 0.0, NaN) - 10
(12.5, 8.0, 0.0, NaN) - 10
(12.5, 8.0, 0.0, NaN) - 9
(12.5, 8.0, 0.0, NaN) - 12
(12.5, 8.0, 0.0, NaN) - 12
(12.5, 8.0, 0.0, NaN) - 9
(12.5, 8.0, 0.0, NaN) - 10
(12.5, 8.0, 0.0, NaN) - 12
(12.5, 8.0, 0.0, NaN) - 9
(12.5, 8.0, 0.0, NaN) - 10
(12.5, 8.0, 0.0, NaN) - 11
(12.5, 8.0, 0.0, NaN) - 11
(12.5, 8.0, 0.0, NaN) - 10
(12.5, 8.0, 0.0, NaN) - 10
(12.5, 8.0, 0.0, NaN) - 7
(12.5, 8.0, 0.0, NaN) - 9
(12.5, 8.0, 0.0, NaN) - 13
(12.5, 8.0, 0.0, NaN) - 8
(12.5, 8.0, 0.0, NaN) - 8
(12.5, 8.0, 0.0, NaN) - 9
(12.5, 8.0, 0.0, NaN) - 8
(11.0, 3.5, 0.0, NaN) - 9
(11.0, 3.5, 0.0, NaN) - 7
(11.0, 3.5, 0.0, NaN) - 12
(11.0, 3.5, 0.0, NaN) - 12
(11.0, 3.5, 0.0, NaN) - 11
(11.0, 3.5, 0.0, NaN) - 6
(11.0, 3.5, 0.0, NaN) - 8
(11.0, 3.5, 0.0, NaN) - 12
(11.0, 3.5, 0.0, NaN) - 13
(11.0, 3.5, 0.0, NaN) - 6
(11.0, 3.5, 0.0, NaN) - 8
(11.0, 3.5, 0.0, NaN) - 14
(11.0, 3.5, 0.0, NaN) - 8
(11.0, 3.5, 0.0, NaN) - 10
(11.0, 3.5, 0.0, NaN) - 6
(11.0, 3.5, 0.0, NaN) - 7
(11.0, 3.5, 0.0, NaN) - 12
(11.0, 3.5, 0.0, NaN) - 5
(11.0, 3.5, 0.0, NaN) - 10
(11.0, 3.5, 0.0, NaN) - 13
(11.0, 3.5, 0.0, NaN) - 10
(11.0, 3.5, 0.0, NaN) - 8
(11.0, 3.5, 0.0, NaN) - 9
(11.0, 3.5, 0.0, NaN) - 11
(11.0, 3.5, 0.0, NaN) - 8
(2.0, 9.5, 0.0, NaN) - 13
(2.0, 9.5, 0.0, NaN) - 12
(2.0, 9.5, 0.0, NaN) - 14
(2.0, 9.5, 0.0, NaN) - 11
(2.0, 9.5, 0.0, NaN) - 12
(2.0, 9.5, 0.0, NaN) - 8
(2.0, 9.5, 0.0, NaN) - 13
(2.0, 9.5, 0.0, NaN) - 12
(2.0, 9.5, 0.0, NaN) - 15
(2.0, 9.5, 0.0, NaN) - 14
(2.0, 9.5, 0.0, NaN) - 11
(2.0, 9.5, 0.0, NaN) - 14
(2.0, 9.5, 0.0, NaN) - 10
(2.0, 9.5, 0.0, NaN) - 13
(2.0, 9.5, 0.0, NaN) - 11
(2.0, 9.5, 0.0, NaN) - 12
(2.0, 9.5, 0.0, NaN) - 11
(2.0, 9.5, 0.0, NaN) - 14
(2.0, 9.5, 0.0, NaN) - 11
(2.0, 9.5, 0.0, NaN) - 12
(2.0, 9.5, 0.0, NaN) - 11
(2.0, 9.5, 0.0, NaN) - 12
(2.0, 9.5, 0.0, NaN) - 11
(2.0, 9.5, 0.0, NaN) - 14
(2.0, 9.5, 0.0, NaN) - 7
(-7.0, -9.25, 0.0, NaN) - 11
(-7.0, -9.25, 0.0, NaN) - 9
(-7.0, -9.25, 0.0, NaN) - 6
(-7.0, -9.25, 0.0, NaN) - 10
(-7.0, -9.25, 0.0, NaN) - 8
(-7.0, -9.25, 0.0, NaN) - 10
(-7.0, -9.25, 0.0, NaN) - 7
(-7.0, -9.25, 0.0, NaN) - 9
(-7.0, -9.25, 0.0, NaN) - 10
(-7.0, -9.25, 0.0, NaN) - 9
(-7.0, -9.25, 0.0, NaN) - 8
(-7.0, -9.25, 0.0, NaN) - 10
(-7.0, -9.25, 0.0, NaN) - 10
(-7.0, -9.25, 0.0, NaN) - 8
(-7.0, -9.25, 0.0, NaN) - 11
(-7.0, -9.25, 0.0, NaN) - 9
(-7.0, -9.25, 0.0, NaN) - 11
(-7.0, -9.25, 0.0, NaN) - 8
(-7.0, -9.25, 0.0, NaN) - 8
(-7.0, -9.25, 0.0, NaN) - 8
(-7.0, -9.25, 0.0, NaN) - 10
(-7.0, -9.25, 0.0, NaN) - 8
(-7.0, -9.25, 0.0, NaN) - 7
(-7.0, -9.25, 0.0, NaN) - 10
(-7.0, -9.25, 0.0, NaN) - 10
(2.0, -16.75, 0.0, NaN) - 10
(2.0, -16.75, 0.0, NaN) - 10
(2.0, -16.75, 0.0, NaN) - 10
(2.0, -16.75, 0.0, NaN) - 10
(2.0, -16.75, 0.0, NaN) - 11
(2.0, -16.75, 0.0, NaN) - 10
(2.0, -16.75, 0.0, NaN) - 11
(2.0, -16.75, 0.0, NaN) - 9
(2.0, -16.75, 0.0, NaN) - 10
(2.0, -16.75, 0.0, NaN) - 8
(2.0, -16.75, 0.0, NaN) - 10
(2.0, -16.75, 0.0, NaN) - 9
(2.0, -16.75, 0.0, NaN) - 11
(2.0, -16.75, 0.0, NaN) - 10
(2.0, -16.75, 0.0, NaN) - 9
(2.0, -16.75, 0.0, NaN) - 13
(2.0, -16.75, 0.0, NaN) - 9
(2.0, -16.75, 0.0, NaN) - 9
(2.0, -16.75, 0.0, NaN) - 10
(2.0, -16.75, 0.0, NaN) - 9
(2.0, -16.75, 0.0, NaN) - 9
(2.0, -16.75, 0.0, NaN) - 9
(2.0, -16.75, 0.0, NaN) - 8
(2.0, -16.75, 0.0, NaN) - 10
(2.0, -16.75, 0.0, NaN) - 12
(24.5, 8.0, 0.0, NaN) - 10
(24.5, 8.0, 0.0, NaN) - 8
(24.5, 8.0, 0.0, NaN) - 9
(24.5, 8.0, 0.0, NaN) - 8
(24.5, 8.0, 0.0, NaN) - 8
(24.5, 8.0, 0.0, NaN) - 9
(24.5, 8.0, 0.0, NaN) - 8
(24.5, 8.0, 0.0, NaN) - 7
(24.5, 8.0, 0.0, NaN) - 9
(24.5, 8.0, 0.0, NaN) - 7
(24.5, 8.0, 0.0, NaN) - 7
(24.5, 8.0, 0.0, NaN) - 10
(24.5, 8.0, 0.0, NaN) - 9
(24.5, 8.0, 0.0, NaN) - 8
(24.5, 8.0, 0.0, NaN) - 8
(24.5, 8.0, 0.0, NaN) - 9
(24.5, 8.0, 0.0, NaN) - 8
(24.5, 8.0, 0.0, NaN) - 9
(24.5, 8.0, 0.0, NaN) - 8
(24.5, 8.0, 0.0, NaN) - 10
(24.5, 8.0, 0.0, NaN) - 9
(24.5, 8.0, 0.0, NaN) - 7
(24.5, 8.0, 0.0, NaN) - 9
(24.5, 8.0, 0.0, NaN) - 7
(24.5, 8.0, 0.0, NaN) - 8
(-14.5, -10.75, 0.0, NaN) - 11
(-14.5, -10.75, 0.0, NaN) - 9
(-14.5, -10.75, 0.0, NaN) - 10
(-14.5, -10.75, 0.0, NaN) - 9
(-14.5, -10.75, 0.0, NaN) - 10
(-14.5, -10.75, 0.0, NaN) - 9
(-14.5, -10.75, 0.0, NaN) - 11
(-14.5, -10.75, 0.0, NaN) - 9
(-14.5, -10.75, 0.0, NaN) - 9
(-14.5, -10.75, 0.0, NaN) - 10
(-14.5, -10.75, 0.0, NaN) - 10
(-14.5, -10.75, 0.0, NaN) - 11
(-14.5, -10.75, 0.0, NaN) - 10
(-14.5, -10.75, 0.0, NaN) - 8
(-14.5, -10.75, 0.0, NaN) - 9
(-14.5, -10.75, 0.0, NaN) - 9
(-14.5, -10.75, 0.0, NaN) - 11
(-14.5, -10.75, 0.0, NaN) - 9
(-14.5, -10.75, 0.0, NaN) - 10
(-14.5, -10.75, 0.0, NaN) - 10
(-14.5, -10.75, 0.0, NaN) - 6
(-14.5, -10.75, 0.0, NaN) - 9
(-14.5, -10.75, 0.0, NaN) - 8
(-14.5, -10.75, 0.0, NaN) - 6
(-14.5, -10.75, 0.0, NaN) - 11
(23.0, 3.5, 0.0, NaN) - 9
(23.0, 3.5, 0.0, NaN) - 6
(23.0, 3.5, 0.0, NaN) - 10
(23.0, 3.5, 0.0, NaN) - 8
(23.0, 3.5, 0.0, NaN) - 8
(23.0, 3.5, 0.0, NaN) - 10
(23.0, 3.5, 0.0, NaN) - 9
(23.0, 3.5, 0.0, NaN) - 7
(23.0, 3.5, 0.0, NaN) - 11
(23.0, 3.5, 0.0, NaN) - 9
(23.0, 3.5, 0.0, NaN) - 8
(23.0, 3.5, 0.0, NaN) - 9
(23.0, 3.5, 0.0, NaN) - 6
(23.0, 3.5, 0.0, NaN) - 6
(23.0, 3.5, 0.0, NaN) - 7
(23.0, 3.5, 0.0, NaN) - 9
(23.0, 3.5, 0.0, NaN) - 8
(23.0, 3.5, 0.0, NaN) - 9
(23.0, 3.5, 0.0, NaN) - 8
(23.0, 3.5, 0.0, NaN) - 9
(23.0, 3.5, 0.0, NaN) - 8
(23.0, 3.5, 0.0, NaN) - 7
(23.0, 3.5, 0.0, NaN) - 9
(23.0, 3.5, 0.0, NaN) - 9
(23.0, 3.5, 0.0, NaN) - 12
(-2.5, -10.75, 0.0, NaN) - 11
(-2.5, -10.75, 0.0, NaN) - 11
(-2.5, -10.75, 0.0, NaN) - 9
(-2.5, -10.75, 0.0, NaN) - 11
(-2.5, -10.75, 0.0, NaN) - 9
(-2.5, -10.75, 0.0, NaN) - 13
(-2.5, -10.75, 0.0, NaN) - 11
(-2.5, -10.75, 0.0, NaN) - 12
(-2.5, -10.75, 0.0, NaN) - 10
(-2.5, -10.75, 0.0, NaN) - 9
(-2.5, -10.75, 0.0, NaN) - 11
(-2.5, -10.75, 0.0, NaN) - 11
(-2.5, -10.75, 0.0, NaN) - 11
(-2.5, -10.75, 0.0, NaN) - 12
(-2.5, -10.75, 0.0, NaN) - 12
(-2.5, -10.75, 0.0, NaN) - 12
(-2.5, -10.75, 0.0, NaN) - 12
(-2.5, -10.75, 0.0, NaN) - 8
(-2.5, -10.75, 0.0, NaN) - 13
(-2.5, -10.75, 0.0, NaN) - 14
(-2.5, -10.75, 0.0, NaN) - 12
(-2.5, -10.75, 0.0, NaN) - 11
(-2.5, -10.75, 0.0, NaN) - 10
(-2.5, -10.75, 0.0, NaN) - 8
(-2.5, -10.75, 0.0, NaN) - 8
(6.5, 3.5, 0.0, NaN) - 14
(6.5, 3.5, 0.0, NaN) - 8
(6.5, 3.5, 0.0, NaN) - 10
(6.5, 3.5, 0.0, NaN) - 9
(6.5, 3.5, 0.0, NaN) - 15
(6.5, 3.5, 0.0, NaN) - 16
(6.5, 3.5, 0.0, NaN) - 13
(6.5, 3.5, 0.0, NaN) - 13
(6.5, 3.5, 0.0, NaN) - 11
(6.5, 3.5, 0.0, NaN) - 12
(6.5, 3.5, 0.0, NaN) - 11
(6.5, 3.5, 0.0, NaN) - 14
(6.5, 3.5, 0.0, NaN) - 12
(6.5, 3.5, 0.0, NaN) - 12
(6.5, 3.5, 0.0, NaN) - 10
(6.5, 3.5, 0.0, NaN) - 12
(6.5, 3.5, 0.0, NaN) - 11
(6.5, 3.5, 0.0, NaN) - 12
(6.5, 3.5, 0.0, NaN) - 11
(6.5, 3.5, 0.0, NaN) - 14
(6.5, 3.5, 0.0, NaN) - 14
(6.5, 3.5, 0.0, NaN) - 12
(6.5, 3.5, 0.0, NaN) - 12
(6.5, 3.5, 0.0, NaN) - 11
(6.5, 3.5, 0.0, NaN) - 16
(32.0, 5.0, 0.0, NaN) - 4
(32.0, 5.0, 0.0, NaN) - 6
(32.0, 5.0, 0.0, NaN) - 9
(32.0, 5.0, 0.0, NaN) - 7
(32.0, 5.0, 0.0, NaN) - 6
(32.0, 5.0, 0.0, NaN) - 6
(32.0, 5.0, 0.0, NaN) - 8
(32.0, 5.0, 0.0, NaN) - 7
(32.0, 5.0, 0.0, NaN) - 8
(32.0, 5.0, 0.0, NaN) - 6
(32.0, 5.0, 0.0, NaN) - 8
(32.0, 5.0, 0.0, NaN) - 8
(32.0, 5.0, 0.0, NaN) - 6
(32.0, 5.0, 0.0, NaN) - 7
(32.0, 5.0, 0.0, NaN) - 8
(32.0, 5.0, 0.0, NaN) - 9
(32.0, 5.0, 0.0, NaN) - 7
(32.0, 5.0, 0.0, NaN) - 7
(32.0, 5.0, 0.0, NaN) - 8
(32.0, 5.0, 0.0, NaN) - 6
(32.0, 5.0, 0.0, NaN) - 6
(32.0, 5.0, 0.0, NaN) - 8
(32.0, 5.0, 0.0, NaN) - 6
(32.0, 5.0, 0.0, NaN) - 9
(32.0, 5.0, 0.0, NaN) - 5
(2.0, 0.5, 0.0, NaN) - 15
(2.0, 0.5, 0.0, NaN) - 14
(2.0, 0.5, 0.0, NaN) - 14
(2.0, 0.5, 0.0, NaN) - 13
(2.0, 0.5, 0.0, NaN) - 14
(2.0, 0.5, 0.0, NaN) - 15
(2.0, 0.5, 0.0, NaN) - 15
(2.0, 0.5, 0.0, NaN) - 16
(2.0, 0.5, 0.0, NaN) - 15
(2.0, 0.5, 0.0, NaN) - 12
(2.0, 0.5, 0.0, NaN) - 13
(2.0, 0.5, 0.0, NaN) - 14
(2.0, 0.5, 0.0, NaN) - 13
(2.0, 0.5, 0.0, NaN) - 16
(2.0, 0.5, 0.0, NaN) - 13
(2.0, 0.5, 0.0, NaN) - 10
(2.0, 0.5, 0.0, NaN) - 12
(2.0, 0.5, 0.0, NaN) - 13
(2.0, 0.5, 0.0, NaN) - 13
(2.0, 0.5, 0.0, NaN) - 14
(2.0, 0.5, 0.0, NaN) - 13
(2.0, 0.5, 0.0, NaN) - 9
(2.0, 0.5, 0.0, NaN) - 17
(2.0, 0.5, 0.0, NaN) - 12
(2.0, 0.5, 0.0, NaN) - 14
(-19.0, -10.75, 0.0, NaN) - 9
(-19.0, -10.75, 0.0, NaN) - 11
(-19.0, -10.75, 0.0, NaN) - 7
(-19.0, -10.75, 0.0, NaN) - 10
(-19.0, -10.75, 0.0, NaN) - 9
(-19.0, -10.75, 0.0, NaN) - 9
(-19.0, -10.75, 0.0, NaN) - 9
(-19.0, -10.75, 0.0, NaN) - 10
(-19.0, -10.75, 0.0, NaN) - 8
(-19.0, -10.75, 0.0, NaN) - 9
(-19.0, -10.75, 0.0, NaN) - 9
(-19.0, -10.75, 0.0, NaN) - 8
(-19.0, -10.75, 0.0, NaN) - 10
(-19.0, -10.75, 0.0, NaN) - 8
(-19.0, -10.75, 0.0, NaN) - 10
(-19.0, -10.75, 0.0, NaN) - 7
(-19.0, -10.75, 0.0, NaN) - 10
(-19.0, -10.75, 0.0, NaN) - 7
(-19.0, -10.75, 0.0, NaN) - 10
(-19.0, -10.75, 0.0, NaN) - 9
(-19.0, -10.75, 0.0, NaN) - 10
(-19.0, -10.75, 0.0, NaN) - 9
(-19.0, -10.75, 0.0, NaN) - 8
(-19.0, -10.75, 0.0, NaN) - 9
(-19.0, -10.75, 0.0, NaN) - 9
(18.5, 3.5, 0.0, NaN) - 9
(18.5, 3.5, 0.0, NaN) - 10
(18.5, 3.5, 0.0, NaN) - 12
(18.5, 3.5, 0.0, NaN) - 11
(18.5, 3.5, 0.0, NaN) - 10
(18.5, 3.5, 0.0, NaN) - 13
(18.5, 3.5, 0.0, NaN) - 9
(18.5, 3.5, 0.0, NaN) - 11
(18.5, 3.5, 0.0, NaN) - 10
(18.5, 3.5, 0.0, NaN) - 10
(18.5, 3.5, 0.0, NaN) - 9
(18.5, 3.5, 0.0, NaN) - 12
(18.5, 3.5, 0.0, NaN) - 10
(18.5, 3.5, 0.0, NaN) - 11
(18.5, 3.5, 0.0, NaN) - 12
(18.5, 3.5, 0.0, NaN) - 11
(18.5, 3.5, 0.0, NaN) - 12
(18.5, 3.5, 0.0, NaN) - 12
(18.5, 3.5, 0.0, NaN) - 11
(18.5, 3.5, 0.0, NaN) - 12
(18.5, 3.5, 0.0, NaN) - 10
(18.5, 3.5, 0.0, NaN) - 10
(18.5, 3.5, 0.0, NaN) - 10
(18.5, 3.5, 0.0, NaN) - 11
(18.5, 3.5, 0.0, NaN) - 12
(0.5, -9.25, 0.0, NaN) - 11
(0.5, -9.25, 0.0, NaN) - 12
(0.5, -9.25, 0.0, NaN) - 12
(0.5, -9.25, 0.0, NaN) - 13
(0.5, -9.25, 0.0, NaN) - 13
(0.5, -9.25, 0.0, NaN) - 13
(0.5, -9.25, 0.0, NaN) - 12
(0.5, -9.25, 0.0, NaN) - 11
(0.5, -9.25, 0.0, NaN) - 13
(0.5, -9.25, 0.0, NaN) - 13
(0.5, -9.25, 0.0, NaN) - 11
(0.5, -9.25, 0.0, NaN) - 11
(0.5, -9.25, 0.0, NaN) - 13
(0.5, -9.25, 0.0, NaN) - 12
(0.5, -9.25, 0.0, NaN) - 15
(0.5, -9.25, 0.0, NaN) - 13
(0.5, -9.25, 0.0, NaN) - 12
(0.5, -9.25, 0.0, NaN) - 15
(0.5, -9.25, 0.0, NaN) - 12
(0.5, -9.25, 0.0, NaN) - 10
(0.5, -9.25, 0.0, NaN) - 12
(0.5, -9.25, 0.0, NaN) - 10
(0.5, -9.25, 0.0, NaN) - 13
(0.5, -9.25, 0.0, NaN) - 10
(0.5, -9.25, 0.0, NaN) - 10
(2.0, 8.0, 0.0, NaN) - 13
(2.0, 8.0, 0.0, NaN) - 15
(2.0, 8.0, 0.0, NaN) - 14
(2.0, 8.0, 0.0, NaN) - 12
(2.0, 8.0, 0.0, NaN) - 15
(2.0, 8.0, 0.0, NaN) - 14
(2.0, 8.0, 0.0, NaN) - 12
(2.0, 8.0, 0.0, NaN) - 14
(2.0, 8.0, 0.0, NaN) - 13
(2.0, 8.0, 0.0, NaN) - 14
(2.0, 8.0, 0.0, NaN) - 12
(2.0, 8.0, 0.0, NaN) - 14
(2.0, 8.0, 0.0, NaN) - 10
(2.0, 8.0, 0.0, NaN) - 15
(2.0, 8.0, 0.0, NaN) - 15
(2.0, 8.0, 0.0, NaN) - 14
(2.0, 8.0, 0.0, NaN) - 13
(2.0, 8.0, 0.0, NaN) - 14
(2.0, 8.0, 0.0, NaN) - 13
(2.0, 8.0, 0.0, NaN) - 16
(2.0, 8.0, 0.0, NaN) - 14
(2.0, 8.0, 0.0, NaN) - 13
(2.0, 8.0, 0.0, NaN) - 15
(2.0, 8.0, 0.0, NaN) - 11
(2.0, 8.0, 0.0, NaN) - 14
(-7.0, -10.75, 0.0, NaN) - 8
(-7.0, -10.75, 0.0, NaN) - 7
(-7.0, -10.75, 0.0, NaN) - 10
(-7.0, -10.75, 0.0, NaN) - 11
(-7.0, -10.75, 0.0, NaN) - 10
(-7.0, -10.75, 0.0, NaN) - 12
(-7.0, -10.75, 0.0, NaN) - 9
(-7.0, -10.75, 0.0, NaN) - 7
(-7.0, -10.75, 0.0, NaN) - 10
(-7.0, -10.75, 0.0, NaN) - 9
(-7.0, -10.75, 0.0, NaN) - 7
(-7.0, -10.75, 0.0, NaN) - 10
(-7.0, -10.75, 0.0, NaN) - 9
(-7.0, -10.75, 0.0, NaN) - 10
(-7.0, -10.75, 0.0, NaN) - 8
(-7.0, -10.75, 0.0, NaN) - 11
(-7.0, -10.75, 0.0, NaN) - 9
(-7.0, -10.75, 0.0, NaN) - 9
(-7.0, -10.75, 0.0, NaN) - 9
(-7.0, -10.75, 0.0, NaN) - 6
(-7.0, -10.75, 0.0, NaN) - 8
(-7.0, -10.75, 0.0, NaN) - 12
(-7.0, -10.75, 0.0, NaN) - 9
(-7.0, -10.75, 0.0, NaN) - 10
(-7.0, -10.75, 0.0, NaN) - 11
(30.5, 3.5, 0.0, NaN) - 7
(30.5, 3.5, 0.0, NaN) - 9
(30.5, 3.5, 0.0, NaN) - 9
(30.5, 3.5, 0.0, NaN) - 10
(30.5, 3.5, 0.0, NaN) - 9
(30.5, 3.5, 0.0, NaN) - 10
(30.5, 3.5, 0.0, NaN) - 6
(30.5, 3.5, 0.0, NaN) - 9
(30.5, 3.5, 0.0, NaN) - 9
(30.5, 3.5, 0.0, NaN) - 9
(30.5, 3.5, 0.0, NaN) - 11
(30.5, 3.5, 0.0, NaN) - 7
(30.5, 3.5, 0.0, NaN) - 9
(30.5, 3.5, 0.0, NaN) - 6
(30.5, 3.5, 0.0, NaN) - 9
(30.5, 3.5, 0.0, NaN) - 9
(30.5, 3.5, 0.0, NaN) - 9
(30.5, 3.5, 0.0, NaN) - 5
(30.5, 3.5, 0.0, NaN) - 8
(30.5, 3.5, 0.0, NaN) - 10
(30.5, 3.5, 0.0, NaN) - 9
(30.5, 3.5, 0.0, NaN) - 7
(30.5, 3.5, 0.0, NaN) - 7
(30.5, 3.5, 0.0, NaN) - 9
(30.5, 3.5, 0.0, NaN) - 9
(-17.5, -9.25, 0.0, NaN) - 10
(-17.5, -9.25, 0.0, NaN) - 9
(-17.5, -9.25, 0.0, NaN) - 11
(-17.5, -9.25, 0.0, NaN) - 10
(-17.5, -9.25, 0.0, NaN) - 10
(-17.5, -9.25, 0.0, NaN) - 9
(-17.5, -9.25, 0.0, NaN) - 5
(-17.5, -9.25, 0.0, NaN) - 10
(-17.5, -9.25, 0.0, NaN) - 7
(-17.5, -9.25, 0.0, NaN) - 9
(-17.5, -9.25, 0.0, NaN) - 9
(-17.5, -9.25, 0.0, NaN) - 9
(-17.5, -9.25, 0.0, NaN) - 10
(-17.5, -9.25, 0.0, NaN) - 8
(-17.5, -9.25, 0.0, NaN) - 11
(-17.5, -9.25, 0.0, NaN) - 10
(-17.5, -9.25, 0.0, NaN) - 10
(-17.5, -9.25, 0.0, NaN) - 11
(-17.5, -9.25, 0.0, NaN) - 11
(-17.5, -9.25, 0.0, NaN) - 9
(-17.5, -9.25, 0.0, NaN) - 8
(-17.5, -9.25, 0.0, NaN) - 9
(-17.5, -9.25, 0.0, NaN) - 9
(-17.5, -9.25, 0.0, NaN) - 10
(-17.5, -9.25, 0.0, NaN) - 7
(0.5, -1.75, 0.0, NaN) - 13
(0.5, -1.75, 0.0, NaN) - 16
(0.5, -1.75, 0.0, NaN) - 13
(0.5, -1.75, 0.0, NaN) - 14
(0.5, -1.75, 0.0, NaN) - 12
(0.5, -1.75, 0.0, NaN) - 14
(0.5, -1.75, 0.0, NaN) - 16
(0.5, -1.75, 0.0, NaN) - 12
(0.5, -1.75, 0.0, NaN) - 12
(0.5, -1.75, 0.0, NaN) - 15
(0.5, -1.75, 0.0, NaN) - 11
(0.5, -1.75, 0.0, NaN) - 15
(0.5, -1.75, 0.0, NaN) - 13
(0.5, -1.75, 0.0, NaN) - 12
(0.5, -1.75, 0.0, NaN) - 11
(0.5, -1.75, 0.0, NaN) - 13
(0.5, -1.75, 0.0, NaN) - 12
(0.5, -1.75, 0.0, NaN) - 12
(0.5, -1.75, 0.0, NaN) - 13
(0.5, -1.75, 0.0, NaN) - 14
(0.5, -1.75, 0.0, NaN) - 15
(0.5, -1.75, 0.0, NaN) - 14
(0.5, -1.75, 0.0, NaN) - 10
(0.5, -1.75, 0.0, NaN) - 13
(0.5, -1.75, 0.0, NaN) - 12
(14.0, 8.0, 0.0, NaN) - 13
(14.0, 8.0, 0.0, NaN) - 11
(14.0, 8.0, 0.0, NaN) - 10
(14.0, 8.0, 0.0, NaN) - 13
(14.0, 8.0, 0.0, NaN) - 12
(14.0, 8.0, 0.0, NaN) - 13
(14.0, 8.0, 0.0, NaN) - 13
(14.0, 8.0, 0.0, NaN) - 13
(14.0, 8.0, 0.0, NaN) - 11
(14.0, 8.0, 0.0, NaN) - 12
(14.0, 8.0, 0.0, NaN) - 10
(14.0, 8.0, 0.0, NaN) - 9
(14.0, 8.0, 0.0, NaN) - 13
(14.0, 8.0, 0.0, NaN) - 12
(14.0, 8.0, 0.0, NaN) - 14
(14.0, 8.0, 0.0, NaN) - 9
(14.0, 8.0, 0.0, NaN) - 12
(14.0, 8.0, 0.0, NaN) - 12
(14.0, 8.0, 0.0, NaN) - 9
(14.0, 8.0, 0.0, NaN) - 12
(14.0, 8.0, 0.0, NaN) - 14
(14.0, 8.0, 0.0, NaN) - 9
(14.0, 8.0, 0.0, NaN) - 8
(14.0, 8.0, 0.0, NaN) - 13
(14.0, 8.0, 0.0, NaN) - 11
(2.0, -9.25, 0.0, NaN) - 12
(2.0, -9.25, 0.0, NaN) - 14
(2.0, -9.25, 0.0, NaN) - 13
(2.0, -9.25, 0.0, NaN) - 10
(2.0, -9.25, 0.0, NaN) - 13
(2.0, -9.25, 0.0, NaN) - 10
(2.0, -9.25, 0.0, NaN) - 15
(2.0, -9.25, 0.0, NaN) - 14
(2.0, -9.25, 0.0, NaN) - 10
(2.0, -9.25, 0.0, NaN) - 13
(2.0, -9.25, 0.0, NaN) - 14
(2.0, -9.25, 0.0, NaN) - 12
(2.0, -9.25, 0.0, NaN) - 11
(2.0, -9.25, 0.0, NaN) - 14
(2.0, -9.25, 0.0, NaN) - 11
(2.0, -9.25, 0.0, NaN) - 14
(2.0, -9.25, 0.0, NaN) - 13
(2.0, -9.25, 0.0, NaN) - 13
(2.0, -9.25, 0.0, NaN) - 11
(2.0, -9.25, 0.0, NaN) - 13
(2.0, -9.25, 0.0, NaN) - 12
(2.0, -9.25, 0.0, NaN) - 13
(2.0, -9.25, 0.0, NaN) - 13
(2.0, -9.25, 0.0, NaN) - 13
(2.0, -9.25, 0.0, NaN) - 12
(-5.5, -9.25, 0.0, NaN) - 9
(-5.5, -9.25, 0.0, NaN) - 10
(-5.5, -9.25, 0.0, NaN) - 9
(-5.5, -9.25, 0.0, NaN) - 9
(-5.5, -9.25, 0.0, NaN) - 11
(-5.5, -9.25, 0.0, NaN) - 9
(-5.5, -9.25, 0.0, NaN) - 9
(-5.5, -9.25, 0.0, NaN) - 6
(-5.5, -9.25, 0.0, NaN) - 8
(-5.5, -9.25, 0.0, NaN) - 11
(-5.5, -9.25, 0.0, NaN) - 10
(-5.5, -9.25, 0.0, NaN) - 11
(-5.5, -9.25, 0.0, NaN) - 10
(-5.5, -9.25, 0.0, NaN) - 10
(-5.5, -9.25, 0.0, NaN) - 10
(-5.5, -9.25, 0.0, NaN) - 10
(-5.5, -9.25, 0.0, NaN) - 6
(-5.5, -9.25, 0.0, NaN) - 10
(-5.5, -9.25, 0.0, NaN) - 10
(-5.5, -9.25, 0.0, NaN) - 8
(-5.5, -9.25, 0.0, NaN) - 10
(-5.5, -9.25, 0.0, NaN) - 7
(-5.5, -9.25, 0.0, NaN) - 5
(-5.5, -9.25, 0.0, NaN) - 9
(-5.5, -9.25, 0.0, NaN) - 10
(0.5, 6.5, 0.0, NaN) - 15
(0.5, 6.5, 0.0, NaN) - 13
(0.5, 6.5, 0.0, NaN) - 15
(0.5, 6.5, 0.0, NaN) - 15
(0.5, 6.5, 0.0, NaN) - 14
(0.5, 6.5, 0.0, NaN) - 16
(0.5, 6.5, 0.0, NaN) - 12
(0.5, 6.5, 0.0, NaN) - 14
(0.5, 6.5, 0.0, NaN) - 14
(0.5, 6.5, 0.0, NaN) - 13
(0.5, 6.5, 0.0, NaN) - 13
(0.5, 6.5, 0.0, NaN) - 15
(0.5, 6.5, 0.0, NaN) - 14
(0.5, 6.5, 0.0, NaN) - 13
(0.5, 6.5, 0.0, NaN) - 12
(0.5, 6.5, 0.0, NaN) - 12
(0.5, 6.5, 0.0, NaN) - 16
(0.5, 6.5, 0.0, NaN) - 13
(0.5, 6.5, 0.0, NaN) - 13
(0.5, 6.5, 0.0, NaN) - 12
(0.5, 6.5, 0.0, NaN) - 12
(0.5, 6.5, 0.0, NaN) - 9
(0.5, 6.5, 0.0, NaN) - 14
(0.5, 6.5, 0.0, NaN) - 14
(0.5, 6.5, 0.0, NaN) - 14
(26.0, 8.0, 0.0, NaN) - 9
(26.0, 8.0, 0.0, NaN) - 8
(26.0, 8.0, 0.0, NaN) - 9
(26.0, 8.0, 0.0, NaN) - 6
(26.0, 8.0, 0.0, NaN) - 9
(26.0, 8.0, 0.0, NaN) - 10
(26.0, 8.0, 0.0, NaN) - 9
(26.0, 8.0, 0.0, NaN) - 8
(26.0, 8.0, 0.0, NaN) - 7
(26.0, 8.0, 0.0, NaN) - 8
(26.0, 8.0, 0.0, NaN) - 9
(26.0, 8.0, 0.0, NaN) - 9
(26.0, 8.0, 0.0, NaN) - 8
(26.0, 8.0, 0.0, NaN) - 7
(26.0, 8.0, 0.0, NaN) - 9
(26.0, 8.0, 0.0, NaN) - 5
(26.0, 8.0, 0.0, NaN) - 7
(26.0, 8.0, 0.0, NaN) - 6
(26.0, 8.0, 0.0, NaN) - 9
(26.0, 8.0, 0.0, NaN) - 7
(26.0, 8.0, 0.0, NaN) - 9
(26.0, 8.0, 0.0, NaN) - 9
(26.0, 8.0, 0.0, NaN) - 7
(26.0, 8.0, 0.0, NaN) - 7
(26.0, 8.0, 0.0, NaN) - 8
(0.5, -18.25, 0.0, NaN) - 10
(0.5, -18.25, 0.0, NaN) - 11
(0.5, -18.25, 0.0, NaN) - 11
(0.5, -18.25, 0.0, NaN) - 11
(0.5, -18.25, 0.0, NaN) - 10
(0.5, -18.25, 0.0, NaN) - 10
(0.5, -18.25, 0.0, NaN) - 11
(0.5, -18.25, 0.0, NaN) - 11
(0.5, -18.25, 0.0, NaN) - 10
(0.5, -18.25, 0.0, NaN) - 9
(0.5, -18.25, 0.0, NaN) - 13
(0.5, -18.25, 0.0, NaN) - 9
(0.5, -18.25, 0.0, NaN) - 8
(0.5, -18.25, 0.0, NaN) - 10
(0.5, -18.25, 0.0, NaN) - 11
(0.5, -18.25, 0.0, NaN) - 10
(0.5, -18.25, 0.0, NaN) - 12
(0.5, -18.25, 0.0, NaN) - 11
(0.5, -18.25, 0.0, NaN) - 9
(0.5, -18.25, 0.0, NaN) - 9
(0.5, -18.25, 0.0, NaN) - 8
(0.5, -18.25, 0.0, NaN) - 8
(0.5, -18.25, 0.0, NaN) - 8
(0.5, -18.25, 0.0, NaN) - 11
(0.5, -18.25, 0.0, NaN) - 6
(2.0, -1.75, 0.0, NaN) - 13
(2.0, -1.75, 0.0, NaN) - 11
(2.0, -1.75, 0.0, NaN) - 10
(2.0, -1.75, 0.0, NaN) - 11
(2.0, -1.75, 0.0, NaN) - 11
(2.0, -1.75, 0.0, NaN) - 14
(2.0, -1.75, 0.0, NaN) - 12
(2.0, -1.75, 0.0, NaN) - 13
(2.0, -1.75, 0.0, NaN) - 14
(2.0, -1.75, 0.0, NaN) - 13
(2.0, -1.75, 0.0, NaN) - 10
(2.0, -1.75, 0.0, NaN) - 8
(2.0, -1.75, 0.0, NaN) - 11
(2.0, -1.75, 0.0, NaN) - 7
(2.0, -1.75, 0.0, NaN) - 14
(2.0, -1.75, 0.0, NaN) - 9
(2.0, -1.75, 0.0, NaN) - 9
(2.0, -1.75, 0.0, NaN) - 12
(2.0, -1.75, 0.0, NaN) - 14
(2.0, -1.75, 0.0, NaN) - 10
(2.0, -1.75, 0.0, NaN) - 15
(2.0, -1.75, 0.0, NaN) - 14
(2.0, -1.75, 0.0, NaN) - 12
(2.0, -1.75, 0.0, NaN) - 12
(2.0, -1.75, 0.0, NaN) - 13
(-22.0, -9.25, 0.0, NaN) - 8
(-22.0, -9.25, 0.0, NaN) - 9
(-22.0, -9.25, 0.0, NaN) - 8
(-22.0, -9.25, 0.0, NaN) - 11
(-22.0, -9.25, 0.0, NaN) - 8
(-22.0, -9.25, 0.0, NaN) - 10
(-22.0, -9.25, 0.0, NaN) - 8
(-22.0, -9.25, 0.0, NaN) - 8
(-22.0, -9.25, 0.0, NaN) - 9
(-22.0, -9.25, 0.0, NaN) - 8
(-22.0, -9.25, 0.0, NaN) - 10
(-22.0, -9.25, 0.0, NaN) - 8
(-22.0, -9.25, 0.0, NaN) - 11
(-22.0, -9.25, 0.0, NaN) - 10
(-22.0, -9.25, 0.0, NaN) - 9
(-22.0, -9.25, 0.0, NaN) - 11
(-22.0, -9.25, 0.0, NaN) - 10
(-22.0, -9.25, 0.0, NaN) - 11
(-22.0, -9.25, 0.0, NaN) - 11
(-22.0, -9.25, 0.0, NaN) - 9
(-22.0, -9.25, 0.0, NaN) - 9
(-22.0, -9.25, 0.0, NaN) - 10
(-22.0, -9.25, 0.0, NaN) - 8
(-22.0, -9.25, 0.0, NaN) - 8
(-22.0, -9.25, 0.0, NaN) - 9
(12.5, 6.5, 0.0, NaN) - 10
(12.5, 6.5, 0.0, NaN) - 11
(12.5, 6.5, 0.0, NaN) - 10
(12.5, 6.5, 0.0, NaN) - 12
(12.5, 6.5, 0.0, NaN) - 11
(12.5, 6.5, 0.0, NaN) - 13
(12.5, 6.5, 0.0, NaN) - 8
(12.5, 6.5, 0.0, NaN) - 11
(12.5, 6.5, 0.0, NaN) - 8
(12.5, 6.5, 0.0, NaN) - 13
(12.5, 6.5, 0.0, NaN) - 10
(12.5, 6.5, 0.0, NaN) - 12
(12.5, 6.5, 0.0, NaN) - 15
(12.5, 6.5, 0.0, NaN) - 14
(12.5, 6.5, 0.0, NaN) - 11
(12.5, 6.5, 0.0, NaN) - 12
(12.5, 6.5, 0.0, NaN) - 10
(12.5, 6.5, 0.0, NaN) - 14
(12.5, 6.5, 0.0, NaN) - 14
(12.5, 6.5, 0.0, NaN) - 14
(12.5, 6.5, 0.0, NaN) - 11
(12.5, 6.5, 0.0, NaN) - 13
(12.5, 6.5, 0.0, NaN) - 10
(12.5, 6.5, 0.0, NaN) - 12
(12.5, 6.5, 0.0, NaN) - 12
(9.5, 8.0, 0.0, NaN) - 11
(9.5, 8.0, 0.0, NaN) - 9
(9.5, 8.0, 0.0, NaN) - 12
(9.5, 8.0, 0.0, NaN) - 11
(9.5, 8.0, 0.0, NaN) - 9
(9.5, 8.0, 0.0, NaN) - 10
(9.5, 8.0, 0.0, NaN) - 9
(9.5, 8.0, 0.0, NaN) - 11
(9.5, 8.0, 0.0, NaN) - 9
(9.5, 8.0, 0.0, NaN) - 13
(9.5, 8.0, 0.0, NaN) - 10
(9.5, 8.0, 0.0, NaN) - 12
(9.5, 8.0, 0.0, NaN) - 12
(9.5, 8.0, 0.0, NaN) - 9
(9.5, 8.0, 0.0, NaN) - 12
(9.5, 8.0, 0.0, NaN) - 13
(9.5, 8.0, 0.0, NaN) - 10
(9.5, 8.0, 0.0, NaN) - 12
(9.5, 8.0, 0.0, NaN) - 9
(9.5, 8.0, 0.0, NaN) - 10
(9.5, 8.0, 0.0, NaN) - 12
(9.5, 8.0, 0.0, NaN) - 7
(9.5, 8.0, 0.0, NaN) - 11
(9.5, 8.0, 0.0, NaN) - 11
(9.5, 8.0, 0.0, NaN) - 10
(0.5, -10.75, 0.0, NaN) - 11
(0.5, -10.75, 0.0, NaN) - 10
(0.5, -10.75, 0.0, NaN) - 11
(0.5, -10.75, 0.0, NaN) - 12
(0.5, -10.75, 0.0, NaN) - 13
(0.5, -10.75, 0.0, NaN) - 13
(0.5, -10.75, 0.0, NaN) - 13
(0.5, -10.75, 0.0, NaN) - 14
(0.5, -10.75, 0.0, NaN) - 12
(0.5, -10.75, 0.0, NaN) - 11
(0.5, -10.75, 0.0, NaN) - 8
(0.5, -10.75, 0.0, NaN) - 8
(0.5, -10.75, 0.0, NaN) - 12
(0.5, -10.75, 0.0, NaN) - 9
(0.5, -10.75, 0.0, NaN) - 14
(0.5, -10.75, 0.0, NaN) - 9
(0.5, -10.75, 0.0, NaN) - 12
(0.5, -10.75, 0.0, NaN) - 12
(0.5, -10.75, 0.0, NaN) - 8
(0.5, -10.75, 0.0, NaN) - 13
(0.5, -10.75, 0.0, NaN) - 12
(0.5, -10.75, 0.0, NaN) - 10
(0.5, -10.75, 0.0, NaN) - 11
(0.5, -10.75, 0.0, NaN) - 13
(0.5, -10.75, 0.0, NaN) - 10
(8.0, 3.5, 0.0, NaN) - 12
(8.0, 3.5, 0.0, NaN) - 12
(8.0, 3.5, 0.0, NaN) - 16
(8.0, 3.5, 0.0, NaN) - 16
(8.0, 3.5, 0.0, NaN) - 14
(8.0, 3.5, 0.0, NaN) - 14
(8.0, 3.5, 0.0, NaN) - 14
(8.0, 3.5, 0.0, NaN) - 15
(8.0, 3.5, 0.0, NaN) - 15
(8.0, 3.5, 0.0, NaN) - 13
(8.0, 3.5, 0.0, NaN) - 14
(8.0, 3.5, 0.0, NaN) - 13
(8.0, 3.5, 0.0, NaN) - 14
(8.0, 3.5, 0.0, NaN) - 16
(8.0, 3.5, 0.0, NaN) - 13
(8.0, 3.5, 0.0, NaN) - 12
(8.0, 3.5, 0.0, NaN) - 13
(8.0, 3.5, 0.0, NaN) - 11
(8.0, 3.5, 0.0, NaN) - 10
(8.0, 3.5, 0.0, NaN) - 12
(8.0, 3.5, 0.0, NaN) - 14
(8.0, 3.5, 0.0, NaN) - 14
(8.0, 3.5, 0.0, NaN) - 10
(8.0, 3.5, 0.0, NaN) - 11
(8.0, 3.5, 0.0, NaN) - 13
(-10.0, -9.25, 0.0, NaN) - 9
(-10.0, -9.25, 0.0, NaN) - 10
(-10.0, -9.25, 0.0, NaN) - 9
(-10.0, -9.25, 0.0, NaN) - 7
(-10.0, -9.25, 0.0, NaN) - 10
(-10.0, -9.25, 0.0, NaN) - 9
(-10.0, -9.25, 0.0, NaN) - 9
(-10.0, -9.25, 0.0, NaN) - 10
(-10.0, -9.25, 0.0, NaN) - 10
(-10.0, -9.25, 0.0, NaN) - 10
(-10.0, -9.25, 0.0, NaN) - 9
(-10.0, -9.25, 0.0, NaN) - 10
(-10.0, -9.25, 0.0, NaN) - 10
(-10.0, -9.25, 0.0, NaN) - 10
(-10.0, -9.25, 0.0, NaN) - 8
(-10.0, -9.25, 0.0, NaN) - 11
(-10.0, -9.25, 0.0, NaN) - 7
(-10.0, -9.25, 0.0, NaN) - 9
(-10.0, -9.25, 0.0, NaN) - 10
(-10.0, -9.25, 0.0, NaN) - 10
(-10.0, -9.25, 0.0, NaN) - 10
(-10.0, -9.25, 0.0, NaN) - 10
(-10.0, -9.25, 0.0, NaN) - 10
(-10.0, -9.25, 0.0, NaN) - 9
(-10.0, -9.25, 0.0, NaN) - 8
(2.0, -18.25, 0.0, NaN) - 8
(2.0, -18.25, 0.0, NaN) - 9
(2.0, -18.25, 0.0, NaN) - 9
(2.0, -18.25, 0.0, NaN) - 9
(2.0, -18.25, 0.0, NaN) - 9
(2.0, -18.25, 0.0, NaN) - 12
(2.0, -18.25, 0.0, NaN) - 5
(2.0, -18.25, 0.0, NaN) - 9
(2.0, -18.25, 0.0, NaN) - 8
(2.0, -18.25, 0.0, NaN) - 10
(2.0, -18.25, 0.0, NaN) - 8
(2.0, -18.25, 0.0, NaN) - 8
(2.0, -18.25, 0.0, NaN) - 8
(2.0, -18.25, 0.0, NaN) - 8
(2.0, -18.25, 0.0, NaN) - 10
(2.0, -18.25, 0.0, NaN) - 8
(2.0, -18.25, 0.0, NaN) - 8
(2.0, -18.25, 0.0, NaN) - 6
(2.0, -18.25, 0.0, NaN) - 9
(2.0, -18.25, 0.0, NaN) - 9
(2.0, -18.25, 0.0, NaN) - 9
(2.0, -18.25, 0.0, NaN) - 10
(2.0, -18.25, 0.0, NaN) - 11
(2.0, -18.25, 0.0, NaN) - 11
(2.0, -18.25, 0.0, NaN) - 9
(24.5, 6.5, 0.0, NaN) - 10
(24.5, 6.5, 0.0, NaN) - 6
(24.5, 6.5, 0.0, NaN) - 7
(24.5, 6.5, 0.0, NaN) - 8
(24.5, 6.5, 0.0, NaN) - 8
(24.5, 6.5, 0.0, NaN) - 8
(24.5, 6.5, 0.0, NaN) - 9
(24.5, 6.5, 0.0, NaN) - 8
(24.5, 6.5, 0.0, NaN) - 8
(24.5, 6.5, 0.0, NaN) - 10
(24.5, 6.5, 0.0, NaN) - 10
(24.5, 6.5, 0.0, NaN) - 9
(24.5, 6.5, 0.0, NaN) - 8
(24.5, 6.5, 0.0, NaN) - 9
(24.5, 6.5, 0.0, NaN) - 8
(24.5, 6.5, 0.0, NaN) - 7
(24.5, 6.5, 0.0, NaN) - 7
(24.5, 6.5, 0.0, NaN) - 9
(24.5, 6.5, 0.0, NaN) - 10
(24.5, 6.5, 0.0, NaN) - 8
(24.5, 6.5, 0.0, NaN) - 7
(24.5, 6.5, 0.0, NaN) - 9
(24.5, 6.5, 0.0, NaN) - 6
(24.5, 6.5, 0.0, NaN) - 7
(24.5, 6.5, 0.0, NaN) - 7
(21.5, 8.0, 0.0, NaN) - 7
(21.5, 8.0, 0.0, NaN) - 8
(21.5, 8.0, 0.0, NaN) - 8
(21.5, 8.0, 0.0, NaN) - 5
(21.5, 8.0, 0.0, NaN) - 6
(21.5, 8.0, 0.0, NaN) - 8
(21.5, 8.0, 0.0, NaN) - 6
(21.5, 8.0, 0.0, NaN) - 6
(21.5, 8.0, 0.0, NaN) - 8
(21.5, 8.0, 0.0, NaN) - 8
(21.5, 8.0, 0.0, NaN) - 8
(21.5, 8.0, 0.0, NaN) - 8
(21.5, 8.0, 0.0, NaN) - 8
(21.5, 8.0, 0.0, NaN) - 10
(21.5, 8.0, 0.0, NaN) - 7
(21.5, 8.0, 0.0, NaN) - 6
(21.5, 8.0, 0.0, NaN) - 5
(21.5, 8.0, 0.0, NaN) - 7
(21.5, 8.0, 0.0, NaN) - 7
(21.5, 8.0, 0.0, NaN) - 10
(21.5, 8.0, 0.0, NaN) - 8
(21.5, 8.0, 0.0, NaN) - 6
(21.5, 8.0, 0.0, NaN) - 6
(21.5, 8.0, 0.0, NaN) - 9
(21.5, 8.0, 0.0, NaN) - 8
(-17.5, -10.75, 0.0, NaN) - 8
(-17.5, -10.75, 0.0, NaN) - 9
(-17.5, -10.75, 0.0, NaN) - 8
(-17.5, -10.75, 0.0, NaN) - 9
(-17.5, -10.75, 0.0, NaN) - 9
(-17.5, -10.75, 0.0, NaN) - 7
(-17.5, -10.75, 0.0, NaN) - 10
(-17.5, -10.75, 0.0, NaN) - 9
(-17.5, -10.75, 0.0, NaN) - 9
(-17.5, -10.75, 0.0, NaN) - 8
(-17.5, -10.75, 0.0, NaN) - 8
(-17.5, -10.75, 0.0, NaN) - 8
(-17.5, -10.75, 0.0, NaN) - 8
(-17.5, -10.75, 0.0, NaN) - 9
(-17.5, -10.75, 0.0, NaN) - 8
(-17.5, -10.75, 0.0, NaN) - 7
(-17.5, -10.75, 0.0, NaN) - 9
(-17.5, -10.75, 0.0, NaN) - 10
(-17.5, -10.75, 0.0, NaN) - 9
(-17.5, -10.75, 0.0, NaN) - 7
(-17.5, -10.75, 0.0, NaN) - 8
(-17.5, -10.75, 0.0, NaN) - 9
(-17.5, -10.75, 0.0, NaN) - 10
(-17.5, -10.75, 0.0, NaN) - 8
(-17.5, -10.75, 0.0, NaN) - 8
(20.0, 3.5, 0.0, NaN) - 9
(20.0, 3.5, 0.0, NaN) - 8
(20.0, 3.5, 0.0, NaN) - 7
(20.0, 3.5, 0.0, NaN) - 8
(20.0, 3.5, 0.0, NaN) - 9
(20.0, 3.5, 0.0, NaN) - 10
(20.0, 3.5, 0.0, NaN) - 10
(20.0, 3.5, 0.0, NaN) - 10
(20.0, 3.5, 0.0, NaN) - 10
(20.0, 3.5, 0.0, NaN) - 11
(20.0, 3.5, 0.0, NaN) - 7
(20.0, 3.5, 0.0, NaN) - 10
(20.0, 3.5, 0.0, NaN) - 7
(20.0, 3.5, 0.0, NaN) - 11
(20.0, 3.5, 0.0, NaN) - 11
(20.0, 3.5, 0.0, NaN) - 13
(20.0, 3.5, 0.0, NaN) - 9
(20.0, 3.5, 0.0, NaN) - 10
(20.0, 3.5, 0.0, NaN) - 8
(20.0, 3.5, 0.0, NaN) - 8
(20.0, 3.5, 0.0, NaN) - 9
(20.0, 3.5, 0.0, NaN) - 9
(20.0, 3.5, 0.0, NaN) - 12
(20.0, 3.5, 0.0, NaN) - 7
(20.0, 3.5, 0.0, NaN) - 12
(2.0, -10.75, 0.0, NaN) - 12
(2.0, -10.75, 0.0, NaN) - 11
(2.0, -10.75, 0.0, NaN) - 12
(2.0, -10.75, 0.0, NaN) - 13
(2.0, -10.75, 0.0, NaN) - 10
(2.0, -10.75, 0.0, NaN) - 12
(2.0, -10.75, 0.0, NaN) - 11
(2.0, -10.75, 0.0, NaN) - 12
(2.0, -10.75, 0.0, NaN) - 11
(2.0, -10.75, 0.0, NaN) - 12
(2.0, -10.75, 0.0, NaN) - 13
(2.0, -10.75, 0.0, NaN) - 13
(2.0, -10.75, 0.0, NaN) - 15
(2.0, -10.75, 0.0, NaN) - 12
(2.0, -10.75, 0.0, NaN) - 14
(2.0, -10.75, 0.0, NaN) - 15
(2.0, -10.75, 0.0, NaN) - 12
(2.0, -10.75, 0.0, NaN) - 12
(2.0, -10.75, 0.0, NaN) - 12
(2.0, -10.75, 0.0, NaN) - 12
(2.0, -10.75, 0.0, NaN) - 11
(2.0, -10.75, 0.0, NaN) - 14
(2.0, -10.75, 0.0, NaN) - 8
(2.0, -10.75, 0.0, NaN) - 11
(2.0, -10.75, 0.0, NaN) - 14
(-5.5, -10.75, 0.0, NaN) - 11
(-5.5, -10.75, 0.0, NaN) - 10
(-5.5, -10.75, 0.0, NaN) - 12
(-5.5, -10.75, 0.0, NaN) - 11
(-5.5, -10.75, 0.0, NaN) - 9
(-5.5, -10.75, 0.0, NaN) - 9
(-5.5, -10.75, 0.0, NaN) - 12
(-5.5, -10.75, 0.0, NaN) - 9
(-5.5, -10.75, 0.0, NaN) - 12
(-5.5, -10.75, 0.0, NaN) - 9
(-5.5, -10.75, 0.0, NaN) - 10
(-5.5, -10.75, 0.0, NaN) - 10
(-5.5, -10.75, 0.0, NaN) - 8
(-5.5, -10.75, 0.0, NaN) - 9
(-5.5, -10.75, 0.0, NaN) - 10
(-5.5, -10.75, 0.0, NaN) - 11
(-5.5, -10.75, 0.0, NaN) - 11
(-5.5, -10.75, 0.0, NaN) - 9
(-5.5, -10.75, 0.0, NaN) - 10
(-5.5, -10.75, 0.0, NaN) - 9
(-5.5, -10.75, 0.0, NaN) - 10
(-5.5, -10.75, 0.0, NaN) - 10
(-5.5, -10.75, 0.0, NaN) - 10
(-5.5, -10.75, 0.0, NaN) - 11
(-5.5, -10.75, 0.0, NaN) - 10
(3.5, 3.5, 0.0, NaN) - 14
(3.5, 3.5, 0.0, NaN) - 13
(3.5, 3.5, 0.0, NaN) - 12
(3.5, 3.5, 0.0, NaN) - 13
(3.5, 3.5, 0.0, NaN) - 14
(3.5, 3.5, 0.0, NaN) - 13
(3.5, 3.5, 0.0, NaN) - 13
(3.5, 3.5, 0.0, NaN) - 13
(3.5, 3.5, 0.0, NaN) - 13
(3.5, 3.5, 0.0, NaN) - 16
(3.5, 3.5, 0.0, NaN) - 13
(3.5, 3.5, 0.0, NaN) - 12
(3.5, 3.5, 0.0, NaN) - 15
(3.5, 3.5, 0.0, NaN) - 14
(3.5, 3.5, 0.0, NaN) - 12
(3.5, 3.5, 0.0, NaN) - 15
(3.5, 3.5, 0.0, NaN) - 15
(3.5, 3.5, 0.0, NaN) - 15
(3.5, 3.5, 0.0, NaN) - 12
(3.5, 3.5, 0.0, NaN) - 10
(3.5, 3.5, 0.0, NaN) - 15
(3.5, 3.5, 0.0, NaN) - 11
(3.5, 3.5, 0.0, NaN) - 11
(3.5, 3.5, 0.0, NaN) - 11
(3.5, 3.5, 0.0, NaN) - 15
(0.5, 5.0, 0.0, NaN) - 13
(0.5, 5.0, 0.0, NaN) - 12
(0.5, 5.0, 0.0, NaN) - 13
(0.5, 5.0, 0.0, NaN) - 14
(0.5, 5.0, 0.0, NaN) - 13
(0.5, 5.0, 0.0, NaN) - 10
(0.5, 5.0, 0.0, NaN) - 13
(0.5, 5.0, 0.0, NaN) - 11
(0.5, 5.0, 0.0, NaN) - 16
(0.5, 5.0, 0.0, NaN) - 12
(0.5, 5.0, 0.0, NaN) - 16
(0.5, 5.0, 0.0, NaN) - 15
(0.5, 5.0, 0.0, NaN) - 16
(0.5, 5.0, 0.0, NaN) - 12
(0.5, 5.0, 0.0, NaN) - 12
(0.5, 5.0, 0.0, NaN) - 12
(0.5, 5.0, 0.0, NaN) - 12
(0.5, 5.0, 0.0, NaN) - 13
(0.5, 5.0, 0.0, NaN) - 14
(0.5, 5.0, 0.0, NaN) - 16
(0.5, 5.0, 0.0, NaN) - 13
(0.5, 5.0, 0.0, NaN) - 12
(0.5, 5.0, 0.0, NaN) - 13
(0.5, 5.0, 0.0, NaN) - 13
(0.5, 5.0, 0.0, NaN) - 15
(32.0, 3.5, 0.0, NaN) - 9
(32.0, 3.5, 0.0, NaN) - 7
(32.0, 3.5, 0.0, NaN) - 9
(32.0, 3.5, 0.0, NaN) - 9
(32.0, 3.5, 0.0, NaN) - 8
(32.0, 3.5, 0.0, NaN) - 7
(32.0, 3.5, 0.0, NaN) - 8
(32.0, 3.5, 0.0, NaN) - 8
(32.0, 3.5, 0.0, NaN) - 9
(32.0, 3.5, 0.0, NaN) - 6
(32.0, 3.5, 0.0, NaN) - 8
(32.0, 3.5, 0.0, NaN) - 7
(32.0, 3.5, 0.0, NaN) - 8
(32.0, 3.5, 0.0, NaN) - 8
(32.0, 3.5, 0.0, NaN) - 8
(32.0, 3.5, 0.0, NaN) - 10
(32.0, 3.5, 0.0, NaN) - 9
(32.0, 3.5, 0.0, NaN) - 5
(32.0, 3.5, 0.0, NaN) - 7
(32.0, 3.5, 0.0, NaN) - 7
(32.0, 3.5, 0.0, NaN) - 9
(32.0, 3.5, 0.0, NaN) - 8
(32.0, 3.5, 0.0, NaN) - 9
(32.0, 3.5, 0.0, NaN) - 8
(32.0, 3.5, 0.0, NaN) - 6
(-22.0, -10.75, 0.0, NaN) - 8
(-22.0, -10.75, 0.0, NaN) - 8
(-22.0, -10.75, 0.0, NaN) - 9
(-22.0, -10.75, 0.0, NaN) - 9
(-22.0, -10.75, 0.0, NaN) - 9
(-22.0, -10.75, 0.0, NaN) - 8
(-22.0, -10.75, 0.0, NaN) - 7
(-22.0, -10.75, 0.0, NaN) - 8
(-22.0, -10.75, 0.0, NaN) - 8
(-22.0, -10.75, 0.0, NaN) - 7
(-22.0, -10.75, 0.0, NaN) - 8
(-22.0, -10.75, 0.0, NaN) - 7
(-22.0, -10.75, 0.0, NaN) - 7
(-22.0, -10.75, 0.0, NaN) - 8
(-22.0, -10.75, 0.0, NaN) - 9
(-22.0, -10.75, 0.0, NaN) - 9
(-22.0, -10.75, 0.0, NaN) - 8
(-22.0, -10.75, 0.0, NaN) - 7
(-22.0, -10.75, 0.0, NaN) - 7
(-22.0, -10.75, 0.0, NaN) - 10
(-22.0, -10.75, 0.0, NaN) - 6
(-22.0, -10.75, 0.0, NaN) - 9
(-22.0, -10.75, 0.0, NaN) - 9
(-22.0, -10.75, 0.0, NaN) - 7
(-22.0, -10.75, 0.0, NaN) - 9
(12.5, 5.0, 0.0, NaN) - 12
(12.5, 5.0, 0.0, NaN) - 12
(12.5, 5.0, 0.0, NaN) - 15
(12.5, 5.0, 0.0, NaN) - 11
(12.5, 5.0, 0.0, NaN) - 13
(12.5, 5.0, 0.0, NaN) - 15
(12.5, 5.0, 0.0, NaN) - 14
(12.5, 5.0, 0.0, NaN) - 12
(12.5, 5.0, 0.0, NaN) - 10
(12.5, 5.0, 0.0, NaN) - 11
(12.5, 5.0, 0.0, NaN) - 13
(12.5, 5.0, 0.0, NaN) - 12
(12.5, 5.0, 0.0, NaN) - 12
(12.5, 5.0, 0.0, NaN) - 12
(12.5, 5.0, 0.0, NaN) - 8
(12.5, 5.0, 0.0, NaN) - 12
(12.5, 5.0, 0.0, NaN) - 13
(12.5, 5.0, 0.0, NaN) - 15
(12.5, 5.0, 0.0, NaN) - 11
(12.5, 5.0, 0.0, NaN) - 14
(12.5, 5.0, 0.0, NaN) - 12
(12.5, 5.0, 0.0, NaN) - 13
(12.5, 5.0, 0.0, NaN) - 10
(12.5, 5.0, 0.0, NaN) - 12
(12.5, 5.0, 0.0, NaN) - 12
(15.5, 3.5, 0.0, NaN) - 8
(15.5, 3.5, 0.0, NaN) - 10
(15.5, 3.5, 0.0, NaN) - 9
(15.5, 3.5, 0.0, NaN) - 11
(15.5, 3.5, 0.0, NaN) - 10
(15.5, 3.5, 0.0, NaN) - 8
(15.5, 3.5, 0.0, NaN) - 8
(15.5, 3.5, 0.0, NaN) - 4
(15.5, 3.5, 0.0, NaN) - 9
(15.5, 3.5, 0.0, NaN) - 7
(15.5, 3.5, 0.0, NaN) - 11
(15.5, 3.5, 0.0, NaN) - 8
(15.5, 3.5, 0.0, NaN) - 10
(15.5, 3.5, 0.0, NaN) - 11
(15.5, 3.5, 0.0, NaN) - 9
(15.5, 3.5, 0.0, NaN) - 11
(15.5, 3.5, 0.0, NaN) - 6
(15.5, 3.5, 0.0, NaN) - 8
(15.5, 3.5, 0.0, NaN) - 11
(15.5, 3.5, 0.0, NaN) - 6
(15.5, 3.5, 0.0, NaN) - 10
(15.5, 3.5, 0.0, NaN) - 10
(15.5, 3.5, 0.0, NaN) - 8
(15.5, 3.5, 0.0, NaN) - 9
(15.5, 3.5, 0.0, NaN) - 8
(2.0, 6.5, 0.0, NaN) - 14
(2.0, 6.5, 0.0, NaN) - 15
(2.0, 6.5, 0.0, NaN) - 15
(2.0, 6.5, 0.0, NaN) - 14
(2.0, 6.5, 0.0, NaN) - 17
(2.0, 6.5, 0.0, NaN) - 14
(2.0, 6.5, 0.0, NaN) - 15
(2.0, 6.5, 0.0, NaN) - 14
(2.0, 6.5, 0.0, NaN) - 14
(2.0, 6.5, 0.0, NaN) - 15
(2.0, 6.5, 0.0, NaN) - 12
(2.0, 6.5, 0.0, NaN) - 14
(2.0, 6.5, 0.0, NaN) - 13
(2.0, 6.5, 0.0, NaN) - 14
(2.0, 6.5, 0.0, NaN) - 13
(2.0, 6.5, 0.0, NaN) - 13
(2.0, 6.5, 0.0, NaN) - 17
(2.0, 6.5, 0.0, NaN) - 16
(2.0, 6.5, 0.0, NaN) - 14
(2.0, 6.5, 0.0, NaN) - 14
(2.0, 6.5, 0.0, NaN) - 16
(2.0, 6.5, 0.0, NaN) - 14
(2.0, 6.5, 0.0, NaN) - 16
(2.0, 6.5, 0.0, NaN) - 15
(2.0, 6.5, 0.0, NaN) - 13
(-10.0, -10.75, 0.0, NaN) - 9
(-10.0, -10.75, 0.0, NaN) - 10
(-10.0, -10.75, 0.0, NaN) - 9
(-10.0, -10.75, 0.0, NaN) - 10
(-10.0, -10.75, 0.0, NaN) - 9
(-10.0, -10.75, 0.0, NaN) - 9
(-10.0, -10.75, 0.0, NaN) - 9
(-10.0, -10.75, 0.0, NaN) - 11
(-10.0, -10.75, 0.0, NaN) - 8
(-10.0, -10.75, 0.0, NaN) - 11
(-10.0, -10.75, 0.0, NaN) - 10
(-10.0, -10.75, 0.0, NaN) - 9
(-10.0, -10.75, 0.0, NaN) - 11
(-10.0, -10.75, 0.0, NaN) - 10
(-10.0, -10.75, 0.0, NaN) - 10
(-10.0, -10.75, 0.0, NaN) - 10
(-10.0, -10.75, 0.0, NaN) - 9
(-10.0, -10.75, 0.0, NaN) - 11
(-10.0, -10.75, 0.0, NaN) - 9
(-10.0, -10.75, 0.0, NaN) - 11
(-10.0, -10.75, 0.0, NaN) - 10
(-10.0, -10.75, 0.0, NaN) - 8
(-10.0, -10.75, 0.0, NaN) - 9
(-10.0, -10.75, 0.0, NaN) - 10
(-10.0, -10.75, 0.0, NaN) - 9
(24.5, 5.0, 0.0, NaN) - 8
(24.5, 5.0, 0.0, NaN) - 8
(24.5, 5.0, 0.0, NaN) - 8
(24.5, 5.0, 0.0, NaN) - 7
(24.5, 5.0, 0.0, NaN) - 7
(24.5, 5.0, 0.0, NaN) - 5
(24.5, 5.0, 0.0, NaN) - 9
(24.5, 5.0, 0.0, NaN) - 10
(24.5, 5.0, 0.0, NaN) - 9
(24.5, 5.0, 0.0, NaN) - 6
(24.5, 5.0, 0.0, NaN) - 6
(24.5, 5.0, 0.0, NaN) - 8
(24.5, 5.0, 0.0, NaN) - 10
(24.5, 5.0, 0.0, NaN) - 9
(24.5, 5.0, 0.0, NaN) - 8
(24.5, 5.0, 0.0, NaN) - 9
(24.5, 5.0, 0.0, NaN) - 9
(24.5, 5.0, 0.0, NaN) - 7
(24.5, 5.0, 0.0, NaN) - 9
(24.5, 5.0, 0.0, NaN) - 8
(24.5, 5.0, 0.0, NaN) - 8
(24.5, 5.0, 0.0, NaN) - 8
(24.5, 5.0, 0.0, NaN) - 8
(24.5, 5.0, 0.0, NaN) - 7
(24.5, 5.0, 0.0, NaN) - 8
(27.5, 3.5, 0.0, NaN) - 9
(27.5, 3.5, 0.0, NaN) - 8
(27.5, 3.5, 0.0, NaN) - 5
(27.5, 3.5, 0.0, NaN) - 7
(27.5, 3.5, 0.0, NaN) - 9
(27.5, 3.5, 0.0, NaN) - 7
(27.5, 3.5, 0.0, NaN) - 8
(27.5, 3.5, 0.0, NaN) - 9
(27.5, 3.5, 0.0, NaN) - 7
(27.5, 3.5, 0.0, NaN) - 7
(27.5, 3.5, 0.0, NaN) - 6
(27.5, 3.5, 0.0, NaN) - 8
(27.5, 3.5, 0.0, NaN) - 8
(27.5, 3.5, 0.0, NaN) - 8
(27.5, 3.5, 0.0, NaN) - 5
(27.5, 3.5, 0.0, NaN) - 7
(27.5, 3.5, 0.0, NaN) - 7
(27.5, 3.5, 0.0, NaN) - 6
(27.5, 3.5, 0.0, NaN) - 9
(27.5, 3.5, 0.0, NaN) - 8
(27.5, 3.5, 0.0, NaN) - 8
(27.5, 3.5, 0.0, NaN) - 7
(27.5, 3.5, 0.0, NaN) - 9
(27.5, 3.5, 0.0, NaN) - 7
(27.5, 3.5, 0.0, NaN) - 9
(-20.5, -9.25, 0.0, NaN) - 9
(-20.5, -9.25, 0.0, NaN) - 10
(-20.5, -9.25, 0.0, NaN) - 9
(-20.5, -9.25, 0.0, NaN) - 8
(-20.5, -9.25, 0.0, NaN) - 8
(-20.5, -9.25, 0.0, NaN) - 9
(-20.5, -9.25, 0.0, NaN) - 9
(-20.5, -9.25, 0.0, NaN) - 8
(-20.5, -9.25, 0.0, NaN) - 10
(-20.5, -9.25, 0.0, NaN) - 10
(-20.5, -9.25, 0.0, NaN) - 9
(-20.5, -9.25, 0.0, NaN) - 10
(-20.5, -9.25, 0.0, NaN) - 9
(-20.5, -9.25, 0.0, NaN) - 12
(-20.5, -9.25, 0.0, NaN) - 11
(-20.5, -9.25, 0.0, NaN) - 11
(-20.5, -9.25, 0.0, NaN) - 9
(-20.5, -9.25, 0.0, NaN) - 9
(-20.5, -9.25, 0.0, NaN) - 11
(-20.5, -9.25, 0.0, NaN) - 8
(-20.5, -9.25, 0.0, NaN) - 9
(-20.5, -9.25, 0.0, NaN) - 8
(-20.5, -9.25, 0.0, NaN) - 10
(-20.5, -9.25, 0.0, NaN) - 9
(-20.5, -9.25, 0.0, NaN) - 10
(0.5, -3.25, 0.0, NaN) - 13
(0.5, -3.25, 0.0, NaN) - 13
(0.5, -3.25, 0.0, NaN) - 14
(0.5, -3.25, 0.0, NaN) - 12
(0.5, -3.25, 0.0, NaN) - 14
(0.5, -3.25, 0.0, NaN) - 10
(0.5, -3.25, 0.0, NaN) - 11
(0.5, -3.25, 0.0, NaN) - 15
(0.5, -3.25, 0.0, NaN) - 12
(0.5, -3.25, 0.0, NaN) - 13
(0.5, -3.25, 0.0, NaN) - 12
(0.5, -3.25, 0.0, NaN) - 13
(0.5, -3.25, 0.0, NaN) - 13
(0.5, -3.25, 0.0, NaN) - 11
(0.5, -3.25, 0.0, NaN) - 14
(0.5, -3.25, 0.0, NaN) - 13
(0.5, -3.25, 0.0, NaN) - 12
(0.5, -3.25, 0.0, NaN) - 11
(0.5, -3.25, 0.0, NaN) - 11
(0.5, -3.25, 0.0, NaN) - 13
(0.5, -3.25, 0.0, NaN) - 10
(0.5, -3.25, 0.0, NaN) - 12
(0.5, -3.25, 0.0, NaN) - 12
(0.5, -3.25, 0.0, NaN) - 14
(0.5, -3.25, 0.0, NaN) - 13
(11.0, 8.0, 0.0, NaN) - 13
(11.0, 8.0, 0.0, NaN) - 12
(11.0, 8.0, 0.0, NaN) - 10
(11.0, 8.0, 0.0, NaN) - 11
(11.0, 8.0, 0.0, NaN) - 11
(11.0, 8.0, 0.0, NaN) - 11
(11.0, 8.0, 0.0, NaN) - 14
(11.0, 8.0, 0.0, NaN) - 8
(11.0, 8.0, 0.0, NaN) - 11
(11.0, 8.0, 0.0, NaN) - 12
(11.0, 8.0, 0.0, NaN) - 7
(11.0, 8.0, 0.0, NaN) - 13
(11.0, 8.0, 0.0, NaN) - 9
(11.0, 8.0, 0.0, NaN) - 7
(11.0, 8.0, 0.0, NaN) - 12
(11.0, 8.0, 0.0, NaN) - 9
(11.0, 8.0, 0.0, NaN) - 9
(11.0, 8.0, 0.0, NaN) - 12
(11.0, 8.0, 0.0, NaN) - 11
(11.0, 8.0, 0.0, NaN) - 11
(11.0, 8.0, 0.0, NaN) - 8
(11.0, 8.0, 0.0, NaN) - 12
(11.0, 8.0, 0.0, NaN) - 11
(11.0, 8.0, 0.0, NaN) - 10
(11.0, 8.0, 0.0, NaN) - 13
(-8.5, -9.25, 0.0, NaN) - 9
(-8.5, -9.25, 0.0, NaN) - 9
(-8.5, -9.25, 0.0, NaN) - 11
(-8.5, -9.25, 0.0, NaN) - 9
(-8.5, -9.25, 0.0, NaN) - 11
(-8.5, -9.25, 0.0, NaN) - 10
(-8.5, -9.25, 0.0, NaN) - 11
(-8.5, -9.25, 0.0, NaN) - 10
(-8.5, -9.25, 0.0, NaN) - 8
(-8.5, -9.25, 0.0, NaN) - 11
(-8.5, -9.25, 0.0, NaN) - 7
(-8.5, -9.25, 0.0, NaN) - 9
(-8.5, -9.25, 0.0, NaN) - 10
(-8.5, -9.25, 0.0, NaN) - 12
(-8.5, -9.25, 0.0, NaN) - 11
(-8.5, -9.25, 0.0, NaN) - 11
(-8.5, -9.25, 0.0, NaN) - 8
(-8.5, -9.25, 0.0, NaN) - 11
(-8.5, -9.25, 0.0, NaN) - 11
(-8.5, -9.25, 0.0, NaN) - 7
(-8.5, -9.25, 0.0, NaN) - 10
(-8.5, -9.25, 0.0, NaN) - 10
(-8.5, -9.25, 0.0, NaN) - 11
(-8.5, -9.25, 0.0, NaN) - 10
(-8.5, -9.25, 0.0, NaN) - 11
(26.0, 6.5, 0.0, NaN) - 7
(26.0, 6.5, 0.0, NaN) - 9
(26.0, 6.5, 0.0, NaN) - 7
(26.0, 6.5, 0.0, NaN) - 8
(26.0, 6.5, 0.0, NaN) - 8
(26.0, 6.5, 0.0, NaN) - 6
(26.0, 6.5, 0.0, NaN) - 7
(26.0, 6.5, 0.0, NaN) - 8
(26.0, 6.5, 0.0, NaN) - 10
(26.0, 6.5, 0.0, NaN) - 7
(26.0, 6.5, 0.0, NaN) - 6
(26.0, 6.5, 0.0, NaN) - 8
(26.0, 6.5, 0.0, NaN) - 9
(26.0, 6.5, 0.0, NaN) - 8
(26.0, 6.5, 0.0, NaN) - 7
(26.0, 6.5, 0.0, NaN) - 7
(26.0, 6.5, 0.0, NaN) - 8
(26.0, 6.5, 0.0, NaN) - 8
(26.0, 6.5, 0.0, NaN) - 7
(26.0, 6.5, 0.0, NaN) - 7
(26.0, 6.5, 0.0, NaN) - 9
(26.0, 6.5, 0.0, NaN) - 8
(26.0, 6.5, 0.0, NaN) - 8
(26.0, 6.5, 0.0, NaN) - 7
(26.0, 6.5, 0.0, NaN) - 9
(23.0, 8.0, 0.0, NaN) - 10
(23.0, 8.0, 0.0, NaN) - 8
(23.0, 8.0, 0.0, NaN) - 7
(23.0, 8.0, 0.0, NaN) - 8
(23.0, 8.0, 0.0, NaN) - 5
(23.0, 8.0, 0.0, NaN) - 10
(23.0, 8.0, 0.0, NaN) - 6
(23.0, 8.0, 0.0, NaN) - 8
(23.0, 8.0, 0.0, NaN) - 9
(23.0, 8.0, 0.0, NaN) - 9
(23.0, 8.0, 0.0, NaN) - 8
(23.0, 8.0, 0.0, NaN) - 10
(23.0, 8.0, 0.0, NaN) - 10
(23.0, 8.0, 0.0, NaN) - 9
(23.0, 8.0, 0.0, NaN) - 9
(23.0, 8.0, 0.0, NaN) - 9
(23.0, 8.0, 0.0, NaN) - 10
(23.0, 8.0, 0.0, NaN) - 9
(23.0, 8.0, 0.0, NaN) - 7
(23.0, 8.0, 0.0, NaN) - 8
(23.0, 8.0, 0.0, NaN) - 9
(23.0, 8.0, 0.0, NaN) - 8
(23.0, 8.0, 0.0, NaN) - 9
(23.0, 8.0, 0.0, NaN) - 8
(23.0, 8.0, 0.0, NaN) - 7
(2.0, -3.25, 0.0, NaN) - 14
(2.0, -3.25, 0.0, NaN) - 13
(2.0, -3.25, 0.0, NaN) - 15
(2.0, -3.25, 0.0, NaN) - 10
(2.0, -3.25, 0.0, NaN) - 11
(2.0, -3.25, 0.0, NaN) - 15
(2.0, -3.25, 0.0, NaN) - 13
(2.0, -3.25, 0.0, NaN) - 12
(2.0, -3.25, 0.0, NaN) - 11
(2.0, -3.25, 0.0, NaN) - 13
(2.0, -3.25, 0.0, NaN) - 12
(2.0, -3.25, 0.0, NaN) - 14
(2.0, -3.25, 0.0, NaN) - 14
(2.0, -3.25, 0.0, NaN) - 11
(2.0, -3.25, 0.0, NaN) - 15
(2.0, -3.25, 0.0, NaN) - 12
(2.0, -3.25, 0.0, NaN) - 12
(2.0, -3.25, 0.0, NaN) - 11
(2.0, -3.25, 0.0, NaN) - 13
(2.0, -3.25, 0.0, NaN) - 13
(2.0, -3.25, 0.0, NaN) - 14
(2.0, -3.25, 0.0, NaN) - 13
(2.0, -3.25, 0.0, NaN) - 13
(2.0, -3.25, 0.0, NaN) - 15
(2.0, -3.25, 0.0, NaN) - 11
(9.5, 6.5, 0.0, NaN) - 12
(9.5, 6.5, 0.0, NaN) - 12
(9.5, 6.5, 0.0, NaN) - 13
(9.5, 6.5, 0.0, NaN) - 10
(9.5, 6.5, 0.0, NaN) - 10
(9.5, 6.5, 0.0, NaN) - 11
(9.5, 6.5, 0.0, NaN) - 14
(9.5, 6.5, 0.0, NaN) - 10
(9.5, 6.5, 0.0, NaN) - 12
(9.5, 6.5, 0.0, NaN) - 12
(9.5, 6.5, 0.0, NaN) - 11
(9.5, 6.5, 0.0, NaN) - 12
(9.5, 6.5, 0.0, NaN) - 12
(9.5, 6.5, 0.0, NaN) - 10
(9.5, 6.5, 0.0, NaN) - 13
(9.5, 6.5, 0.0, NaN) - 10
(9.5, 6.5, 0.0, NaN) - 11
(9.5, 6.5, 0.0, NaN) - 10
(9.5, 6.5, 0.0, NaN) - 9
(9.5, 6.5, 0.0, NaN) - 13
(9.5, 6.5, 0.0, NaN) - 12
(9.5, 6.5, 0.0, NaN) - 9
(9.5, 6.5, 0.0, NaN) - 10
(9.5, 6.5, 0.0, NaN) - 7
(9.5, 6.5, 0.0, NaN) - 13
(6.5, 8.0, 0.0, NaN) - 9
(6.5, 8.0, 0.0, NaN) - 11
(6.5, 8.0, 0.0, NaN) - 13
(6.5, 8.0, 0.0, NaN) - 15
(6.5, 8.0, 0.0, NaN) - 14
(6.5, 8.0, 0.0, NaN) - 13
(6.5, 8.0, 0.0, NaN) - 10
(6.5, 8.0, 0.0, NaN) - 9
(6.5, 8.0, 0.0, NaN) - 14
(6.5, 8.0, 0.0, NaN) - 11
(6.5, 8.0, 0.0, NaN) - 10
(6.5, 8.0, 0.0, NaN) - 12
(6.5, 8.0, 0.0, NaN) - 14
(6.5, 8.0, 0.0, NaN) - 14
(6.5, 8.0, 0.0, NaN) - 15
(6.5, 8.0, 0.0, NaN) - 12
(6.5, 8.0, 0.0, NaN) - 13
(6.5, 8.0, 0.0, NaN) - 10
(6.5, 8.0, 0.0, NaN) - 13
(6.5, 8.0, 0.0, NaN) - 10
(6.5, 8.0, 0.0, NaN) - 11
(6.5, 8.0, 0.0, NaN) - 12
(6.5, 8.0, 0.0, NaN) - 14
(6.5, 8.0, 0.0, NaN) - 14
(6.5, 8.0, 0.0, NaN) - 12
(0.5, 12.5, 0.0, NaN) - 11
(0.5, 12.5, 0.0, NaN) - 14
(0.5, 12.5, 0.0, NaN) - 14
(0.5, 12.5, 0.0, NaN) - 12
(0.5, 12.5, 0.0, NaN) - 13
(0.5, 12.5, 0.0, NaN) - 13
(0.5, 12.5, 0.0, NaN) - 11
(0.5, 12.5, 0.0, NaN) - 13
(0.5, 12.5, 0.0, NaN) - 12
(0.5, 12.5, 0.0, NaN) - 14
(0.5, 12.5, 0.0, NaN) - 13
(0.5, 12.5, 0.0, NaN) - 14
(0.5, 12.5, 0.0, NaN) - 10
(0.5, 12.5, 0.0, NaN) - 12
(0.5, 12.5, 0.0, NaN) - 11
(0.5, 12.5, 0.0, NaN) - 13
(0.5, 12.5, 0.0, NaN) - 15
(0.5, 12.5, 0.0, NaN) - 15
(0.5, 12.5, 0.0, NaN) - 15
(0.5, 12.5, 0.0, NaN) - 13
(0.5, 12.5, 0.0, NaN) - 14
(0.5, 12.5, 0.0, NaN) - 14
(0.5, 12.5, 0.0, NaN) - 9
(0.5, 12.5, 0.0, NaN) - 14
(0.5, 12.5, 0.0, NaN) - 15
(0.5, -12.25, 0.0, NaN) - 10
(0.5, -12.25, 0.0, NaN) - 11
(0.5, -12.25, 0.0, NaN) - 12
(0.5, -12.25, 0.0, NaN) - 10
(0.5, -12.25, 0.0, NaN) - 11
(0.5, -12.25, 0.0, NaN) - 9
(0.5, -12.25, 0.0, NaN) - 12
(0.5, -12.25, 0.0, NaN) - 11
(0.5, -12.25, 0.0, NaN) - 13
(0.5, -12.25, 0.0, NaN) - 12
(0.5, -12.25, 0.0, NaN) - 12
(0.5, -12.25, 0.0, NaN) - 11
(0.5, -12.25, 0.0, NaN) - 10
(0.5, -12.25, 0.0, NaN) - 12
(0.5, -12.25, 0.0, NaN) - 11
(0.5, -12.25, 0.0, NaN) - 11
(0.5, -12.25, 0.0, NaN) - 11
(0.5, -12.25, 0.0, NaN) - 10
(0.5, -12.25, 0.0, NaN) - 10
(0.5, -12.25, 0.0, NaN) - 11
(0.5, -12.25, 0.0, NaN) - 11
(0.5, -12.25, 0.0, NaN) - 12
(0.5, -12.25, 0.0, NaN) - 9
(0.5, -12.25, 0.0, NaN) - 11
(0.5, -12.25, 0.0, NaN) - 11
(5.0, 3.5, 0.0, NaN) - 15
(5.0, 3.5, 0.0, NaN) - 15
(5.0, 3.5, 0.0, NaN) - 16
(5.0, 3.5, 0.0, NaN) - 12
(5.0, 3.5, 0.0, NaN) - 11
(5.0, 3.5, 0.0, NaN) - 12
(5.0, 3.5, 0.0, NaN) - 13
(5.0, 3.5, 0.0, NaN) - 14
(5.0, 3.5, 0.0, NaN) - 12
(5.0, 3.5, 0.0, NaN) - 13
(5.0, 3.5, 0.0, NaN) - 13
(5.0, 3.5, 0.0, NaN) - 13
(5.0, 3.5, 0.0, NaN) - 11
(5.0, 3.5, 0.0, NaN) - 10
(5.0, 3.5, 0.0, NaN) - 15
(5.0, 3.5, 0.0, NaN) - 15
(5.0, 3.5, 0.0, NaN) - 10
(5.0, 3.5, 0.0, NaN) - 16
(5.0, 3.5, 0.0, NaN) - 14
(5.0, 3.5, 0.0, NaN) - 14
(5.0, 3.5, 0.0, NaN) - 11
(5.0, 3.5, 0.0, NaN) - 15
(5.0, 3.5, 0.0, NaN) - 14
(5.0, 3.5, 0.0, NaN) - 16
(5.0, 3.5, 0.0, NaN) - 14
(2.0, 5.0, 0.0, NaN) - 15
(2.0, 5.0, 0.0, NaN) - 17
(2.0, 5.0, 0.0, NaN) - 14
(2.0, 5.0, 0.0, NaN) - 14
(2.0, 5.0, 0.0, NaN) - 14
(2.0, 5.0, 0.0, NaN) - 16
(2.0, 5.0, 0.0, NaN) - 18
(2.0, 5.0, 0.0, NaN) - 15
(2.0, 5.0, 0.0, NaN) - 16
(2.0, 5.0, 0.0, NaN) - 13
(2.0, 5.0, 0.0, NaN) - 12
(2.0, 5.0, 0.0, NaN) - 15
(2.0, 5.0, 0.0, NaN) - 17
(2.0, 5.0, 0.0, NaN) - 16
(2.0, 5.0, 0.0, NaN) - 12
(2.0, 5.0, 0.0, NaN) - 15
(2.0, 5.0, 0.0, NaN) - 14
(2.0, 5.0, 0.0, NaN) - 15
(2.0, 5.0, 0.0, NaN) - 15
(2.0, 5.0, 0.0, NaN) - 14
(2.0, 5.0, 0.0, NaN) - 13
(2.0, 5.0, 0.0, NaN) - 15
(2.0, 5.0, 0.0, NaN) - 14
(2.0, 5.0, 0.0, NaN) - 12
(2.0, 5.0, 0.0, NaN) - 13
(-13.0, -9.25, 0.0, NaN) - 9
(-13.0, -9.25, 0.0, NaN) - 9
(-13.0, -9.25, 0.0, NaN) - 8
(-13.0, -9.25, 0.0, NaN) - 5
(-13.0, -9.25, 0.0, NaN) - 10
(-13.0, -9.25, 0.0, NaN) - 10
(-13.0, -9.25, 0.0, NaN) - 10
(-13.0, -9.25, 0.0, NaN) - 10
(-13.0, -9.25, 0.0, NaN) - 7
(-13.0, -9.25, 0.0, NaN) - 9
(-13.0, -9.25, 0.0, NaN) - 7
(-13.0, -9.25, 0.0, NaN) - 11
(-13.0, -9.25, 0.0, NaN) - 9
(-13.0, -9.25, 0.0, NaN) - 10
(-13.0, -9.25, 0.0, NaN) - 9
(-13.0, -9.25, 0.0, NaN) - 9
(-13.0, -9.25, 0.0, NaN) - 8
(-13.0, -9.25, 0.0, NaN) - 11
(-13.0, -9.25, 0.0, NaN) - 9
(-13.0, -9.25, 0.0, NaN) - 7
(-13.0, -9.25, 0.0, NaN) - 8
(-13.0, -9.25, 0.0, NaN) - 11
(-13.0, -9.25, 0.0, NaN) - 9
(-13.0, -9.25, 0.0, NaN) - 8
(-13.0, -9.25, 0.0, NaN) - 10
(21.5, 6.5, 0.0, NaN) - 7
(21.5, 6.5, 0.0, NaN) - 7
(21.5, 6.5, 0.0, NaN) - 8
(21.5, 6.5, 0.0, NaN) - 8
(21.5, 6.5, 0.0, NaN) - 8
(21.5, 6.5, 0.0, NaN) - 8
(21.5, 6.5, 0.0, NaN) - 9
(21.5, 6.5, 0.0, NaN) - 8
(21.5, 6.5, 0.0, NaN) - 7
(21.5, 6.5, 0.0, NaN) - 7
(21.5, 6.5, 0.0, NaN) - 9
(21.5, 6.5, 0.0, NaN) - 8
(21.5, 6.5, 0.0, NaN) - 8
(21.5, 6.5, 0.0, NaN) - 7
(21.5, 6.5, 0.0, NaN) - 8
(21.5, 6.5, 0.0, NaN) - 9
(21.5, 6.5, 0.0, NaN) - 8
(21.5, 6.5, 0.0, NaN) - 8
(21.5, 6.5, 0.0, NaN) - 7
(21.5, 6.5, 0.0, NaN) - 8
(21.5, 6.5, 0.0, NaN) - 9
(21.5, 6.5, 0.0, NaN) - 9
(21.5, 6.5, 0.0, NaN) - 7
(21.5, 6.5, 0.0, NaN) - 8
(21.5, 6.5, 0.0, NaN) - 9
(18.5, 8.0, 0.0, NaN) - 11
(18.5, 8.0, 0.0, NaN) - 10
(18.5, 8.0, 0.0, NaN) - 11
(18.5, 8.0, 0.0, NaN) - 12
(18.5, 8.0, 0.0, NaN) - 5
(18.5, 8.0, 0.0, NaN) - 12
(18.5, 8.0, 0.0, NaN) - 10
(18.5, 8.0, 0.0, NaN) - 10
(18.5, 8.0, 0.0, NaN) - 7
(18.5, 8.0, 0.0, NaN) - 9
(18.5, 8.0, 0.0, NaN) - 8
(18.5, 8.0, 0.0, NaN) - 9
(18.5, 8.0, 0.0, NaN) - 8
(18.5, 8.0, 0.0, NaN) - 5
(18.5, 8.0, 0.0, NaN) - 9
(18.5, 8.0, 0.0, NaN) - 9
(18.5, 8.0, 0.0, NaN) - 7
(18.5, 8.0, 0.0, NaN) - 11
(18.5, 8.0, 0.0, NaN) - 12
(18.5, 8.0, 0.0, NaN) - 10
(18.5, 8.0, 0.0, NaN) - 10
(18.5, 8.0, 0.0, NaN) - 9
(18.5, 8.0, 0.0, NaN) - 9
(18.5, 8.0, 0.0, NaN) - 11
(18.5, 8.0, 0.0, NaN) - 10
(-20.5, -10.75, 0.0, NaN) - 9
(-20.5, -10.75, 0.0, NaN) - 6
(-20.5, -10.75, 0.0, NaN) - 9
(-20.5, -10.75, 0.0, NaN) - 8
(-20.5, -10.75, 0.0, NaN) - 8
(-20.5, -10.75, 0.0, NaN) - 9
(-20.5, -10.75, 0.0, NaN) - 8
(-20.5, -10.75, 0.0, NaN) - 10
(-20.5, -10.75, 0.0, NaN) - 6
(-20.5, -10.75, 0.0, NaN) - 10
(-20.5, -10.75, 0.0, NaN) - 8
(-20.5, -10.75, 0.0, NaN) - 9
(-20.5, -10.75, 0.0, NaN) - 9
(-20.5, -10.75, 0.0, NaN) - 8
(-20.5, -10.75, 0.0, NaN) - 7
(-20.5, -10.75, 0.0, NaN) - 10
(-20.5, -10.75, 0.0, NaN) - 7
(-20.5, -10.75, 0.0, NaN) - 9
(-20.5, -10.75, 0.0, NaN) - 8
(-20.5, -10.75, 0.0, NaN) - 8
(-20.5, -10.75, 0.0, NaN) - 10
(-20.5, -10.75, 0.0, NaN) - 10
(-20.5, -10.75, 0.0, NaN) - 10
(-20.5, -10.75, 0.0, NaN) - 9
(-20.5, -10.75, 0.0, NaN) - 9
(0.5, -4.75, 0.0, NaN) - 13
(0.5, -4.75, 0.0, NaN) - 13
(0.5, -4.75, 0.0, NaN) - 12
(0.5, -4.75, 0.0, NaN) - 9
(0.5, -4.75, 0.0, NaN) - 13
(0.5, -4.75, 0.0, NaN) - 14
(0.5, -4.75, 0.0, NaN) - 12
(0.5, -4.75, 0.0, NaN) - 10
(0.5, -4.75, 0.0, NaN) - 11
(0.5, -4.75, 0.0, NaN) - 13
(0.5, -4.75, 0.0, NaN) - 13
(0.5, -4.75, 0.0, NaN) - 9
(0.5, -4.75, 0.0, NaN) - 14
(0.5, -4.75, 0.0, NaN) - 10
(0.5, -4.75, 0.0, NaN) - 9
(0.5, -4.75, 0.0, NaN) - 12
(0.5, -4.75, 0.0, NaN) - 15
(0.5, -4.75, 0.0, NaN) - 12
(0.5, -4.75, 0.0, NaN) - 14
(0.5, -4.75, 0.0, NaN) - 10
(0.5, -4.75, 0.0, NaN) - 13
(0.5, -4.75, 0.0, NaN) - 10
(0.5, -4.75, 0.0, NaN) - 13
(0.5, -4.75, 0.0, NaN) - 13
(0.5, -4.75, 0.0, NaN) - 14
(17.0, 3.5, 0.0, NaN) - 10
(17.0, 3.5, 0.0, NaN) - 9
(17.0, 3.5, 0.0, NaN) - 10
(17.0, 3.5, 0.0, NaN) - 9
(17.0, 3.5, 0.0, NaN) - 8
(17.0, 3.5, 0.0, NaN) - 10
(17.0, 3.5, 0.0, NaN) - 11
(17.0, 3.5, 0.0, NaN) - 8
(17.0, 3.5, 0.0, NaN) - 11
(17.0, 3.5, 0.0, NaN) - 9
(17.0, 3.5, 0.0, NaN) - 8
(17.0, 3.5, 0.0, NaN) - 10
(17.0, 3.5, 0.0, NaN) - 11
(17.0, 3.5, 0.0, NaN) - 11
(17.0, 3.5, 0.0, NaN) - 11
(17.0, 3.5, 0.0, NaN) - 9
(17.0, 3.5, 0.0, NaN) - 11
(17.0, 3.5, 0.0, NaN) - 10
(17.0, 3.5, 0.0, NaN) - 9
(17.0, 3.5, 0.0, NaN) - 10
(17.0, 3.5, 0.0, NaN) - 8
(17.0, 3.5, 0.0, NaN) - 11
(17.0, 3.5, 0.0, NaN) - 9
(17.0, 3.5, 0.0, NaN) - 10
(17.0, 3.5, 0.0, NaN) - 8
(-1.0, -9.25, 0.0, NaN) - 10
(-1.0, -9.25, 0.0, NaN) - 11
(-1.0, -9.25, 0.0, NaN) - 8
(-1.0, -9.25, 0.0, NaN) - 11
(-1.0, -9.25, 0.0, NaN) - 8
(-1.0, -9.25, 0.0, NaN) - 10
(-1.0, -9.25, 0.0, NaN) - 10
(-1.0, -9.25, 0.0, NaN) - 9
(-1.0, -9.25, 0.0, NaN) - 9
(-1.0, -9.25, 0.0, NaN) - 9
(-1.0, -9.25, 0.0, NaN) - 11
(-1.0, -9.25, 0.0, NaN) - 12
(-1.0, -9.25, 0.0, NaN) - 11
(-1.0, -9.25, 0.0, NaN) - 7
(-1.0, -9.25, 0.0, NaN) - 12
(-1.0, -9.25, 0.0, NaN) - 10
(-1.0, -9.25, 0.0, NaN) - 11
(-1.0, -9.25, 0.0, NaN) - 11
(-1.0, -9.25, 0.0, NaN) - 9
(-1.0, -9.25, 0.0, NaN) - 9
(-1.0, -9.25, 0.0, NaN) - 9
(-1.0, -9.25, 0.0, NaN) - 7
(-1.0, -9.25, 0.0, NaN) - 9
(-1.0, -9.25, 0.0, NaN) - 11
(-1.0, -9.25, 0.0, NaN) - 9
(2.0, -12.25, 0.0, NaN) - 13
(2.0, -12.25, 0.0, NaN) - 9
(2.0, -12.25, 0.0, NaN) - 13
(2.0, -12.25, 0.0, NaN) - 13
(2.0, -12.25, 0.0, NaN) - 11
(2.0, -12.25, 0.0, NaN) - 10
(2.0, -12.25, 0.0, NaN) - 9
(2.0, -12.25, 0.0, NaN) - 10
(2.0, -12.25, 0.0, NaN) - 13
(2.0, -12.25, 0.0, NaN) - 10
(2.0, -12.25, 0.0, NaN) - 11
(2.0, -12.25, 0.0, NaN) - 12
(2.0, -12.25, 0.0, NaN) - 10
(2.0, -12.25, 0.0, NaN) - 7
(2.0, -12.25, 0.0, NaN) - 11
(2.0, -12.25, 0.0, NaN) - 11
(2.0, -12.25, 0.0, NaN) - 12
(2.0, -12.25, 0.0, NaN) - 9
(2.0, -12.25, 0.0, NaN) - 11
(2.0, -12.25, 0.0, NaN) - 12
(2.0, -12.25, 0.0, NaN) - 9
(2.0, -12.25, 0.0, NaN) - 9
(2.0, -12.25, 0.0, NaN) - 11
(2.0, -12.25, 0.0, NaN) - 12
(2.0, -12.25, 0.0, NaN) - 11
(30.5, 8.0, 0.0, NaN) - 8
(30.5, 8.0, 0.0, NaN) - 7
(30.5, 8.0, 0.0, NaN) - 9
(30.5, 8.0, 0.0, NaN) - 6
(30.5, 8.0, 0.0, NaN) - 9
(30.5, 8.0, 0.0, NaN) - 7
(30.5, 8.0, 0.0, NaN) - 9
(30.5, 8.0, 0.0, NaN) - 9
(30.5, 8.0, 0.0, NaN) - 8
(30.5, 8.0, 0.0, NaN) - 8
(30.5, 8.0, 0.0, NaN) - 7
(30.5, 8.0, 0.0, NaN) - 7
(30.5, 8.0, 0.0, NaN) - 8
(30.5, 8.0, 0.0, NaN) - 8
(30.5, 8.0, 0.0, NaN) - 8
(30.5, 8.0, 0.0, NaN) - 8
(30.5, 8.0, 0.0, NaN) - 9
(30.5, 8.0, 0.0, NaN) - 7
(30.5, 8.0, 0.0, NaN) - 7
(30.5, 8.0, 0.0, NaN) - 7
(30.5, 8.0, 0.0, NaN) - 8
(30.5, 8.0, 0.0, NaN) - 7
(30.5, 8.0, 0.0, NaN) - 8
(30.5, 8.0, 0.0, NaN) - 9
(30.5, 8.0, 0.0, NaN) - 7
(-8.5, -10.75, 0.0, NaN) - 9
(-8.5, -10.75, 0.0, NaN) - 11
(-8.5, -10.75, 0.0, NaN) - 8
(-8.5, -10.75, 0.0, NaN) - 8
(-8.5, -10.75, 0.0, NaN) - 7
(-8.5, -10.75, 0.0, NaN) - 9
(-8.5, -10.75, 0.0, NaN) - 9
(-8.5, -10.75, 0.0, NaN) - 9
(-8.5, -10.75, 0.0, NaN) - 9
(-8.5, -10.75, 0.0, NaN) - 8
(-8.5, -10.75, 0.0, NaN) - 8
(-8.5, -10.75, 0.0, NaN) - 8
(-8.5, -10.75, 0.0, NaN) - 10
(-8.5, -10.75, 0.0, NaN) - 10
(-8.5, -10.75, 0.0, NaN) - 9
(-8.5, -10.75, 0.0, NaN) - 9
(-8.5, -10.75, 0.0, NaN) - 10
(-8.5, -10.75, 0.0, NaN) - 10
(-8.5, -10.75, 0.0, NaN) - 7
(-8.5, -10.75, 0.0, NaN) - 10
(-8.5, -10.75, 0.0, NaN) - 9
(-8.5, -10.75, 0.0, NaN) - 9
(-8.5, -10.75, 0.0, NaN) - 7
(-8.5, -10.75, 0.0, NaN) - 8
(-8.5, -10.75, 0.0, NaN) - 8
(0.5, 3.5, 0.0, NaN) - 11
(0.5, 3.5, 0.0, NaN) - 12
(0.5, 3.5, 0.0, NaN) - 14
(0.5, 3.5, 0.0, NaN) - 12
(0.5, 3.5, 0.0, NaN) - 8
(0.5, 3.5, 0.0, NaN) - 14
(0.5, 3.5, 0.0, NaN) - 13
(0.5, 3.5, 0.0, NaN) - 14
(0.5, 3.5, 0.0, NaN) - 10
(0.5, 3.5, 0.0, NaN) - 10
(0.5, 3.5, 0.0, NaN) - 15
(0.5, 3.5, 0.0, NaN) - 10
(0.5, 3.5, 0.0, NaN) - 13
(0.5, 3.5, 0.0, NaN) - 14
(0.5, 3.5, 0.0, NaN) - 12
(0.5, 3.5, 0.0, NaN) - 12
(0.5, 3.5, 0.0, NaN) - 15
(0.5, 3.5, 0.0, NaN) - 14
(0.5, 3.5, 0.0, NaN) - 12
(0.5, 3.5, 0.0, NaN) - 10
(0.5, 3.5, 0.0, NaN) - 13
(0.5, 3.5, 0.0, NaN) - 14
(0.5, 3.5, 0.0, NaN) - 12
(0.5, 3.5, 0.0, NaN) - 14
(0.5, 3.5, 0.0, NaN) - 14
(26.0, 5.0, 0.0, NaN) - 7
(26.0, 5.0, 0.0, NaN) - 8
(26.0, 5.0, 0.0, NaN) - 8
(26.0, 5.0, 0.0, NaN) - 8
(26.0, 5.0, 0.0, NaN) - 8
(26.0, 5.0, 0.0, NaN) - 6
(26.0, 5.0, 0.0, NaN) - 7
(26.0, 5.0, 0.0, NaN) - 7
(26.0, 5.0, 0.0, NaN) - 8
(26.0, 5.0, 0.0, NaN) - 6
(26.0, 5.0, 0.0, NaN) - 9
(26.0, 5.0, 0.0, NaN) - 9
(26.0, 5.0, 0.0, NaN) - 9
(26.0, 5.0, 0.0, NaN) - 9
(26.0, 5.0, 0.0, NaN) - 7
(26.0, 5.0, 0.0, NaN) - 9
(26.0, 5.0, 0.0, NaN) - 7
(26.0, 5.0, 0.0, NaN) - 7
(26.0, 5.0, 0.0, NaN) - 6
(26.0, 5.0, 0.0, NaN) - 8
(26.0, 5.0, 0.0, NaN) - 7
(26.0, 5.0, 0.0, NaN) - 7
(26.0, 5.0, 0.0, NaN) - 7
(26.0, 5.0, 0.0, NaN) - 7
(26.0, 5.0, 0.0, NaN) - 7
(29.0, 3.5, 0.0, NaN) - 6
(29.0, 3.5, 0.0, NaN) - 10
(29.0, 3.5, 0.0, NaN) - 10
(29.0, 3.5, 0.0, NaN) - 7
(29.0, 3.5, 0.0, NaN) - 10
(29.0, 3.5, 0.0, NaN) - 9
(29.0, 3.5, 0.0, NaN) - 10
(29.0, 3.5, 0.0, NaN) - 8
(29.0, 3.5, 0.0, NaN) - 8
(29.0, 3.5, 0.0, NaN) - 8
(29.0, 3.5, 0.0, NaN) - 7
(29.0, 3.5, 0.0, NaN) - 9
(29.0, 3.5, 0.0, NaN) - 9
(29.0, 3.5, 0.0, NaN) - 9
(29.0, 3.5, 0.0, NaN) - 9
(29.0, 3.5, 0.0, NaN) - 10
(29.0, 3.5, 0.0, NaN) - 9
(29.0, 3.5, 0.0, NaN) - 9
(29.0, 3.5, 0.0, NaN) - 8
(29.0, 3.5, 0.0, NaN) - 11
(29.0, 3.5, 0.0, NaN) - 10
(29.0, 3.5, 0.0, NaN) - 9
(29.0, 3.5, 0.0, NaN) - 7
(29.0, 3.5, 0.0, NaN) - 10
(29.0, 3.5, 0.0, NaN) - 8
(2.0, -4.75, 0.0, NaN) - 13
(2.0, -4.75, 0.0, NaN) - 9
(2.0, -4.75, 0.0, NaN) - 12
(2.0, -4.75, 0.0, NaN) - 10
(2.0, -4.75, 0.0, NaN) - 13
(2.0, -4.75, 0.0, NaN) - 10
(2.0, -4.75, 0.0, NaN) - 9
(2.0, -4.75, 0.0, NaN) - 12
(2.0, -4.75, 0.0, NaN) - 10
(2.0, -4.75, 0.0, NaN) - 12
(2.0, -4.75, 0.0, NaN) - 13
(2.0, -4.75, 0.0, NaN) - 12
(2.0, -4.75, 0.0, NaN) - 11
(2.0, -4.75, 0.0, NaN) - 8
(2.0, -4.75, 0.0, NaN) - 13
(2.0, -4.75, 0.0, NaN) - 12
(2.0, -4.75, 0.0, NaN) - 8
(2.0, -4.75, 0.0, NaN) - 13
(2.0, -4.75, 0.0, NaN) - 14
(2.0, -4.75, 0.0, NaN) - 13
(2.0, -4.75, 0.0, NaN) - 12
(2.0, -4.75, 0.0, NaN) - 12
(2.0, -4.75, 0.0, NaN) - 11
(2.0, -4.75, 0.0, NaN) - 9
(2.0, -4.75, 0.0, NaN) - 12
(9.5, 5.0, 0.0, NaN) - 12
(9.5, 5.0, 0.0, NaN) - 12
(9.5, 5.0, 0.0, NaN) - 11
(9.5, 5.0, 0.0, NaN) - 10
(9.5, 5.0, 0.0, NaN) - 12
(9.5, 5.0, 0.0, NaN) - 9
(9.5, 5.0, 0.0, NaN) - 11
(9.5, 5.0, 0.0, NaN) - 10
(9.5, 5.0, 0.0, NaN) - 13
(9.5, 5.0, 0.0, NaN) - 11
(9.5, 5.0, 0.0, NaN) - 13
(9.5, 5.0, 0.0, NaN) - 11
(9.5, 5.0, 0.0, NaN) - 13
(9.5, 5.0, 0.0, NaN) - 13
(9.5, 5.0, 0.0, NaN) - 13
(9.5, 5.0, 0.0, NaN) - 11
(9.5, 5.0, 0.0, NaN) - 10
(9.5, 5.0, 0.0, NaN) - 8
(9.5, 5.0, 0.0, NaN) - 10
(9.5, 5.0, 0.0, NaN) - 9
(9.5, 5.0, 0.0, NaN) - 13
(9.5, 5.0, 0.0, NaN) - 10
(9.5, 5.0, 0.0, NaN) - 11
(9.5, 5.0, 0.0, NaN) - 13
(9.5, 5.0, 0.0, NaN) - 11
(12.5, 3.5, 0.0, NaN) - 10
(12.5, 3.5, 0.0, NaN) - 13
(12.5, 3.5, 0.0, NaN) - 8
(12.5, 3.5, 0.0, NaN) - 11
(12.5, 3.5, 0.0, NaN) - 11
(12.5, 3.5, 0.0, NaN) - 10
(12.5, 3.5, 0.0, NaN) - 10
(12.5, 3.5, 0.0, NaN) - 9
(12.5, 3.5, 0.0, NaN) - 11
(12.5, 3.5, 0.0, NaN) - 10
(12.5, 3.5, 0.0, NaN) - 11
(12.5, 3.5, 0.0, NaN) - 8
(12.5, 3.5, 0.0, NaN) - 12
(12.5, 3.5, 0.0, NaN) - 13
(12.5, 3.5, 0.0, NaN) - 10
(12.5, 3.5, 0.0, NaN) - 12
(12.5, 3.5, 0.0, NaN) - 13
(12.5, 3.5, 0.0, NaN) - 12
(12.5, 3.5, 0.0, NaN) - 13
(12.5, 3.5, 0.0, NaN) - 8
(12.5, 3.5, 0.0, NaN) - 13
(12.5, 3.5, 0.0, NaN) - 9
(12.5, 3.5, 0.0, NaN) - 12
(12.5, 3.5, 0.0, NaN) - 13
(12.5, 3.5, 0.0, NaN) - 8
(0.5, 11.0, 0.0, NaN) - 13
(0.5, 11.0, 0.0, NaN) - 15
(0.5, 11.0, 0.0, NaN) - 13
(0.5, 11.0, 0.0, NaN) - 12
(0.5, 11.0, 0.0, NaN) - 11
(0.5, 11.0, 0.0, NaN) - 11
(0.5, 11.0, 0.0, NaN) - 12
(0.5, 11.0, 0.0, NaN) - 12
(0.5, 11.0, 0.0, NaN) - 15
(0.5, 11.0, 0.0, NaN) - 12
(0.5, 11.0, 0.0, NaN) - 15
(0.5, 11.0, 0.0, NaN) - 15
(0.5, 11.0, 0.0, NaN) - 12
(0.5, 11.0, 0.0, NaN) - 13
(0.5, 11.0, 0.0, NaN) - 10
(0.5, 11.0, 0.0, NaN) - 9
(0.5, 11.0, 0.0, NaN) - 13
(0.5, 11.0, 0.0, NaN) - 12
(0.5, 11.0, 0.0, NaN) - 10
(0.5, 11.0, 0.0, NaN) - 10
(0.5, 11.0, 0.0, NaN) - 14
(0.5, 11.0, 0.0, NaN) - 12
(0.5, 11.0, 0.0, NaN) - 12
(0.5, 11.0, 0.0, NaN) - 13
(0.5, 11.0, 0.0, NaN) - 13
(0.5, -13.75, 0.0, NaN) - 11
(0.5, -13.75, 0.0, NaN) - 9
(0.5, -13.75, 0.0, NaN) - 9
(0.5, -13.75, 0.0, NaN) - 11
(0.5, -13.75, 0.0, NaN) - 9
(0.5, -13.75, 0.0, NaN) - 8
(0.5, -13.75, 0.0, NaN) - 9
(0.5, -13.75, 0.0, NaN) - 11
(0.5, -13.75, 0.0, NaN) - 12
(0.5, -13.75, 0.0, NaN) - 10
(0.5, -13.75, 0.0, NaN) - 9
(0.5, -13.75, 0.0, NaN) - 11
(0.5, -13.75, 0.0, NaN) - 11
(0.5, -13.75, 0.0, NaN) - 10
(0.5, -13.75, 0.0, NaN) - 13
(0.5, -13.75, 0.0, NaN) - 10
(0.5, -13.75, 0.0, NaN) - 10
(0.5, -13.75, 0.0, NaN) - 11
(0.5, -13.75, 0.0, NaN) - 11
(0.5, -13.75, 0.0, NaN) - 11
(0.5, -13.75, 0.0, NaN) - 8
(0.5, -13.75, 0.0, NaN) - 11
(0.5, -13.75, 0.0, NaN) - 10
(0.5, -13.75, 0.0, NaN) - 12
(0.5, -13.75, 0.0, NaN) - 9
(-13.0, -10.75, 0.0, NaN) - 9
(-13.0, -10.75, 0.0, NaN) - 6
(-13.0, -10.75, 0.0, NaN) - 8
(-13.0, -10.75, 0.0, NaN) - 10
(-13.0, -10.75, 0.0, NaN) - 7
(-13.0, -10.75, 0.0, NaN) - 9
(-13.0, -10.75, 0.0, NaN) - 9
(-13.0, -10.75, 0.0, NaN) - 9
(-13.0, -10.75, 0.0, NaN) - 9
(-13.0, -10.75, 0.0, NaN) - 9
(-13.0, -10.75, 0.0, NaN) - 9
(-13.0, -10.75, 0.0, NaN) - 8
(-13.0, -10.75, 0.0, NaN) - 9
(-13.0, -10.75, 0.0, NaN) - 9
(-13.0, -10.75, 0.0, NaN) - 8
(-13.0, -10.75, 0.0, NaN) - 9
(-13.0, -10.75, 0.0, NaN) - 10
(-13.0, -10.75, 0.0, NaN) - 9
(-13.0, -10.75, 0.0, NaN) - 9
(-13.0, -10.75, 0.0, NaN) - 9
(-13.0, -10.75, 0.0, NaN) - 8
(-13.0, -10.75, 0.0, NaN) - 9
(-13.0, -10.75, 0.0, NaN) - 9
(-13.0, -10.75, 0.0, NaN) - 9
(-13.0, -10.75, 0.0, NaN) - 7
(21.5, 5.0, 0.0, NaN) - 8
(21.5, 5.0, 0.0, NaN) - 7
(21.5, 5.0, 0.0, NaN) - 8
(21.5, 5.0, 0.0, NaN) - 9
(21.5, 5.0, 0.0, NaN) - 9
(21.5, 5.0, 0.0, NaN) - 9
(21.5, 5.0, 0.0, NaN) - 8
(21.5, 5.0, 0.0, NaN) - 8
(21.5, 5.0, 0.0, NaN) - 9
(21.5, 5.0, 0.0, NaN) - 9
(21.5, 5.0, 0.0, NaN) - 9
(21.5, 5.0, 0.0, NaN) - 5
(21.5, 5.0, 0.0, NaN) - 9
(21.5, 5.0, 0.0, NaN) - 7
(21.5, 5.0, 0.0, NaN) - 8
(21.5, 5.0, 0.0, NaN) - 5
(21.5, 5.0, 0.0, NaN) - 8
(21.5, 5.0, 0.0, NaN) - 9
(21.5, 5.0, 0.0, NaN) - 7
(21.5, 5.0, 0.0, NaN) - 9
(21.5, 5.0, 0.0, NaN) - 8
(21.5, 5.0, 0.0, NaN) - 7
(21.5, 5.0, 0.0, NaN) - 8
(21.5, 5.0, 0.0, NaN) - 8
(21.5, 5.0, 0.0, NaN) - 8
(24.5, 3.5, 0.0, NaN) - 8
(24.5, 3.5, 0.0, NaN) - 7
(24.5, 3.5, 0.0, NaN) - 8
(24.5, 3.5, 0.0, NaN) - 6
(24.5, 3.5, 0.0, NaN) - 6
(24.5, 3.5, 0.0, NaN) - 10
(24.5, 3.5, 0.0, NaN) - 7
(24.5, 3.5, 0.0, NaN) - 9
(24.5, 3.5, 0.0, NaN) - 7
(24.5, 3.5, 0.0, NaN) - 8
(24.5, 3.5, 0.0, NaN) - 9
(24.5, 3.5, 0.0, NaN) - 7
(24.5, 3.5, 0.0, NaN) - 11
(24.5, 3.5, 0.0, NaN) - 9
(24.5, 3.5, 0.0, NaN) - 10
(24.5, 3.5, 0.0, NaN) - 8
(24.5, 3.5, 0.0, NaN) - 9
(24.5, 3.5, 0.0, NaN) - 8
(24.5, 3.5, 0.0, NaN) - 9
(24.5, 3.5, 0.0, NaN) - 7
(24.5, 3.5, 0.0, NaN) - 8
(24.5, 3.5, 0.0, NaN) - 9
(24.5, 3.5, 0.0, NaN) - 10
(24.5, 3.5, 0.0, NaN) - 6
(24.5, 3.5, 0.0, NaN) - 9
(-23.5, -9.25, 0.0, NaN) - 11
(-23.5, -9.25, 0.0, NaN) - 8
(-23.5, -9.25, 0.0, NaN) - 10
(-23.5, -9.25, 0.0, NaN) - 9
(-23.5, -9.25, 0.0, NaN) - 6
(-23.5, -9.25, 0.0, NaN) - 10
(-23.5, -9.25, 0.0, NaN) - 9
(-23.5, -9.25, 0.0, NaN) - 10
(-23.5, -9.25, 0.0, NaN) - 11
(-23.5, -9.25, 0.0, NaN) - 10
(-23.5, -9.25, 0.0, NaN) - 10
(-23.5, -9.25, 0.0, NaN) - 11
(-23.5, -9.25, 0.0, NaN) - 9
(-23.5, -9.25, 0.0, NaN) - 9
(-23.5, -9.25, 0.0, NaN) - 10
(-23.5, -9.25, 0.0, NaN) - 8
(-23.5, -9.25, 0.0, NaN) - 9
(-23.5, -9.25, 0.0, NaN) - 9
(-23.5, -9.25, 0.0, NaN) - 8
(-23.5, -9.25, 0.0, NaN) - 11
(-23.5, -9.25, 0.0, NaN) - 11
(-23.5, -9.25, 0.0, NaN) - 11
(-23.5, -9.25, 0.0, NaN) - 10
(-23.5, -9.25, 0.0, NaN) - 8
(-23.5, -9.25, 0.0, NaN) - 10
(11.0, 6.5, 0.0, NaN) - 10
(11.0, 6.5, 0.0, NaN) - 13
(11.0, 6.5, 0.0, NaN) - 10
(11.0, 6.5, 0.0, NaN) - 13
(11.0, 6.5, 0.0, NaN) - 10
(11.0, 6.5, 0.0, NaN) - 8
(11.0, 6.5, 0.0, NaN) - 6
(11.0, 6.5, 0.0, NaN) - 9
(11.0, 6.5, 0.0, NaN) - 9
(11.0, 6.5, 0.0, NaN) - 11
(11.0, 6.5, 0.0, NaN) - 9
(11.0, 6.5, 0.0, NaN) - 11
(11.0, 6.5, 0.0, NaN) - 11
(11.0, 6.5, 0.0, NaN) - 11
(11.0, 6.5, 0.0, NaN) - 10
(11.0, 6.5, 0.0, NaN) - 10
(11.0, 6.5, 0.0, NaN) - 8
(11.0, 6.5, 0.0, NaN) - 13
(11.0, 6.5, 0.0, NaN) - 9
(11.0, 6.5, 0.0, NaN) - 9
(11.0, 6.5, 0.0, NaN) - 9
(11.0, 6.5, 0.0, NaN) - 11
(11.0, 6.5, 0.0, NaN) - 8
(11.0, 6.5, 0.0, NaN) - 9
(11.0, 6.5, 0.0, NaN) - 12
(8.0, 8.0, 0.0, NaN) - 12
(8.0, 8.0, 0.0, NaN) - 13
(8.0, 8.0, 0.0, NaN) - 10
(8.0, 8.0, 0.0, NaN) - 12
(8.0, 8.0, 0.0, NaN) - 10
(8.0, 8.0, 0.0, NaN) - 13
(8.0, 8.0, 0.0, NaN) - 12
(8.0, 8.0, 0.0, NaN) - 14
(8.0, 8.0, 0.0, NaN) - 13
(8.0, 8.0, 0.0, NaN) - 10
(8.0, 8.0, 0.0, NaN) - 13
(8.0, 8.0, 0.0, NaN) - 13
(8.0, 8.0, 0.0, NaN) - 12
(8.0, 8.0, 0.0, NaN) - 12
(8.0, 8.0, 0.0, NaN) - 10
(8.0, 8.0, 0.0, NaN) - 12
(8.0, 8.0, 0.0, NaN) - 10
(8.0, 8.0, 0.0, NaN) - 13
(8.0, 8.0, 0.0, NaN) - 12
(8.0, 8.0, 0.0, NaN) - 12
(8.0, 8.0, 0.0, NaN) - 12
(8.0, 8.0, 0.0, NaN) - 10
(8.0, 8.0, 0.0, NaN) - 8
(8.0, 8.0, 0.0, NaN) - 12
(8.0, 8.0, 0.0, NaN) - 10
(2.0, 12.5, 0.0, NaN) - 10
(2.0, 12.5, 0.0, NaN) - 9
(2.0, 12.5, 0.0, NaN) - 11
(2.0, 12.5, 0.0, NaN) - 12
(2.0, 12.5, 0.0, NaN) - 8
(2.0, 12.5, 0.0, NaN) - 12
(2.0, 12.5, 0.0, NaN) - 9
(2.0, 12.5, 0.0, NaN) - 10
(2.0, 12.5, 0.0, NaN) - 10
(2.0, 12.5, 0.0, NaN) - 9
(2.0, 12.5, 0.0, NaN) - 8
(2.0, 12.5, 0.0, NaN) - 11
(2.0, 12.5, 0.0, NaN) - 11
(2.0, 12.5, 0.0, NaN) - 13
(2.0, 12.5, 0.0, NaN) - 11
(2.0, 12.5, 0.0, NaN) - 11
(2.0, 12.5, 0.0, NaN) - 11
(2.0, 12.5, 0.0, NaN) - 9
(2.0, 12.5, 0.0, NaN) - 11
(2.0, 12.5, 0.0, NaN) - 11
(2.0, 12.5, 0.0, NaN) - 10
(2.0, 12.5, 0.0, NaN) - 11
(2.0, 12.5, 0.0, NaN) - 12
(2.0, 12.5, 0.0, NaN) - 12
(2.0, 12.5, 0.0, NaN) - 12
(-1.0, -10.75, 0.0, NaN) - 12
(-1.0, -10.75, 0.0, NaN) - 6
(-1.0, -10.75, 0.0, NaN) - 7
(-1.0, -10.75, 0.0, NaN) - 12
(-1.0, -10.75, 0.0, NaN) - 14
(-1.0, -10.75, 0.0, NaN) - 13
(-1.0, -10.75, 0.0, NaN) - 13
(-1.0, -10.75, 0.0, NaN) - 14
(-1.0, -10.75, 0.0, NaN) - 10
(-1.0, -10.75, 0.0, NaN) - 11
(-1.0, -10.75, 0.0, NaN) - 14
(-1.0, -10.75, 0.0, NaN) - 12
(-1.0, -10.75, 0.0, NaN) - 10
(-1.0, -10.75, 0.0, NaN) - 11
(-1.0, -10.75, 0.0, NaN) - 11
(-1.0, -10.75, 0.0, NaN) - 11
(-1.0, -10.75, 0.0, NaN) - 10
(-1.0, -10.75, 0.0, NaN) - 8
(-1.0, -10.75, 0.0, NaN) - 10
(-1.0, -10.75, 0.0, NaN) - 12
(-1.0, -10.75, 0.0, NaN) - 8
(-1.0, -10.75, 0.0, NaN) - 10
(-1.0, -10.75, 0.0, NaN) - 11
(-1.0, -10.75, 0.0, NaN) - 11
(-1.0, -10.75, 0.0, NaN) - 11
(2.0, -13.75, 0.0, NaN) - 7
(2.0, -13.75, 0.0, NaN) - 10
(2.0, -13.75, 0.0, NaN) - 12
(2.0, -13.75, 0.0, NaN) - 11
(2.0, -13.75, 0.0, NaN) - 9
(2.0, -13.75, 0.0, NaN) - 12
(2.0, -13.75, 0.0, NaN) - 11
(2.0, -13.75, 0.0, NaN) - 10
(2.0, -13.75, 0.0, NaN) - 13
(2.0, -13.75, 0.0, NaN) - 11
(2.0, -13.75, 0.0, NaN) - 11
(2.0, -13.75, 0.0, NaN) - 12
(2.0, -13.75, 0.0, NaN) - 11
(2.0, -13.75, 0.0, NaN) - 9
(2.0, -13.75, 0.0, NaN) - 12
(2.0, -13.75, 0.0, NaN) - 14
(2.0, -13.75, 0.0, NaN) - 12
(2.0, -13.75, 0.0, NaN) - 13
(2.0, -13.75, 0.0, NaN) - 11
(2.0, -13.75, 0.0, NaN) - 12
(2.0, -13.75, 0.0, NaN) - 9
(2.0, -13.75, 0.0, NaN) - 13
(2.0, -13.75, 0.0, NaN) - 10
(2.0, -13.75, 0.0, NaN) - 12
(2.0, -13.75, 0.0, NaN) - 12
(-11.5, -9.25, 0.0, NaN) - 9
(-11.5, -9.25, 0.0, NaN) - 9
(-11.5, -9.25, 0.0, NaN) - 8
(-11.5, -9.25, 0.0, NaN) - 10
(-11.5, -9.25, 0.0, NaN) - 11
(-11.5, -9.25, 0.0, NaN) - 10
(-11.5, -9.25, 0.0, NaN) - 10
(-11.5, -9.25, 0.0, NaN) - 10
(-11.5, -9.25, 0.0, NaN) - 11
(-11.5, -9.25, 0.0, NaN) - 9
(-11.5, -9.25, 0.0, NaN) - 11
(-11.5, -9.25, 0.0, NaN) - 11
(-11.5, -9.25, 0.0, NaN) - 8
(-11.5, -9.25, 0.0, NaN) - 10
(-11.5, -9.25, 0.0, NaN) - 9
(-11.5, -9.25, 0.0, NaN) - 11
(-11.5, -9.25, 0.0, NaN) - 9
(-11.5, -9.25, 0.0, NaN) - 9
(-11.5, -9.25, 0.0, NaN) - 8
(-11.5, -9.25, 0.0, NaN) - 10
(-11.5, -9.25, 0.0, NaN) - 9
(-11.5, -9.25, 0.0, NaN) - 10
(-11.5, -9.25, 0.0, NaN) - 10
(-11.5, -9.25, 0.0, NaN) - 8
(-11.5, -9.25, 0.0, NaN) - 11
(0.5, 2.0, 0.0, NaN) - 12
(0.5, 2.0, 0.0, NaN) - 13
(0.5, 2.0, 0.0, NaN) - 15
(0.5, 2.0, 0.0, NaN) - 15
(0.5, 2.0, 0.0, NaN) - 12
(0.5, 2.0, 0.0, NaN) - 11
(0.5, 2.0, 0.0, NaN) - 13
(0.5, 2.0, 0.0, NaN) - 14
(0.5, 2.0, 0.0, NaN) - 14
(0.5, 2.0, 0.0, NaN) - 13
(0.5, 2.0, 0.0, NaN) - 16
(0.5, 2.0, 0.0, NaN) - 13
(0.5, 2.0, 0.0, NaN) - 16
(0.5, 2.0, 0.0, NaN) - 15
(0.5, 2.0, 0.0, NaN) - 14
(0.5, 2.0, 0.0, NaN) - 12
(0.5, 2.0, 0.0, NaN) - 14
(0.5, 2.0, 0.0, NaN) - 15
(0.5, 2.0, 0.0, NaN) - 12
(0.5, 2.0, 0.0, NaN) - 15
(0.5, 2.0, 0.0, NaN) - 11
(0.5, 2.0, 0.0, NaN) - 13
(0.5, 2.0, 0.0, NaN) - 14
(0.5, 2.0, 0.0, NaN) - 12
(0.5, 2.0, 0.0, NaN) - 14
(23.0, 6.5, 0.0, NaN) - 8
(23.0, 6.5, 0.0, NaN) - 5
(23.0, 6.5, 0.0, NaN) - 7
(23.0, 6.5, 0.0, NaN) - 8
(23.0, 6.5, 0.0, NaN) - 7
(23.0, 6.5, 0.0, NaN) - 8
(23.0, 6.5, 0.0, NaN) - 8
(23.0, 6.5, 0.0, NaN) - 5
(23.0, 6.5, 0.0, NaN) - 7
(23.0, 6.5, 0.0, NaN) - 9
(23.0, 6.5, 0.0, NaN) - 9
(23.0, 6.5, 0.0, NaN) - 8
(23.0, 6.5, 0.0, NaN) - 6
(23.0, 6.5, 0.0, NaN) - 9
(23.0, 6.5, 0.0, NaN) - 7
(23.0, 6.5, 0.0, NaN) - 8
(23.0, 6.5, 0.0, NaN) - 8
(23.0, 6.5, 0.0, NaN) - 7
(23.0, 6.5, 0.0, NaN) - 8
(23.0, 6.5, 0.0, NaN) - 6
(23.0, 6.5, 0.0, NaN) - 7
(23.0, 6.5, 0.0, NaN) - 8
(23.0, 6.5, 0.0, NaN) - 6
(23.0, 6.5, 0.0, NaN) - 7
(23.0, 6.5, 0.0, NaN) - 7
(20.0, 8.0, 0.0, NaN) - 12
(20.0, 8.0, 0.0, NaN) - 6
(20.0, 8.0, 0.0, NaN) - 7
(20.0, 8.0, 0.0, NaN) - 9
(20.0, 8.0, 0.0, NaN) - 10
(20.0, 8.0, 0.0, NaN) - 7
(20.0, 8.0, 0.0, NaN) - 8
(20.0, 8.0, 0.0, NaN) - 5
(20.0, 8.0, 0.0, NaN) - 9
(20.0, 8.0, 0.0, NaN) - 8
(20.0, 8.0, 0.0, NaN) - 7
(20.0, 8.0, 0.0, NaN) - 9
(20.0, 8.0, 0.0, NaN) - 8
(20.0, 8.0, 0.0, NaN) - 8
(20.0, 8.0, 0.0, NaN) - 8
(20.0, 8.0, 0.0, NaN) - 8
(20.0, 8.0, 0.0, NaN) - 8
(20.0, 8.0, 0.0, NaN) - 8
(20.0, 8.0, 0.0, NaN) - 8
(20.0, 8.0, 0.0, NaN) - 6
(20.0, 8.0, 0.0, NaN) - 8
(20.0, 8.0, 0.0, NaN) - 8
(20.0, 8.0, 0.0, NaN) - 8
(20.0, 8.0, 0.0, NaN) - 7
(20.0, 8.0, 0.0, NaN) - 10
(3.5, 8.0, 0.0, NaN) - 14
(3.5, 8.0, 0.0, NaN) - 13
(3.5, 8.0, 0.0, NaN) - 14
(3.5, 8.0, 0.0, NaN) - 14
(3.5, 8.0, 0.0, NaN) - 13
(3.5, 8.0, 0.0, NaN) - 17
(3.5, 8.0, 0.0, NaN) - 16
(3.5, 8.0, 0.0, NaN) - 10
(3.5, 8.0, 0.0, NaN) - 15
(3.5, 8.0, 0.0, NaN) - 14
(3.5, 8.0, 0.0, NaN) - 17
(3.5, 8.0, 0.0, NaN) - 16
(3.5, 8.0, 0.0, NaN) - 15
(3.5, 8.0, 0.0, NaN) - 15
(3.5, 8.0, 0.0, NaN) - 10
(3.5, 8.0, 0.0, NaN) - 16
(3.5, 8.0, 0.0, NaN) - 12
(3.5, 8.0, 0.0, NaN) - 15
(3.5, 8.0, 0.0, NaN) - 14
(3.5, 8.0, 0.0, NaN) - 14
(3.5, 8.0, 0.0, NaN) - 12
(3.5, 8.0, 0.0, NaN) - 14
(3.5, 8.0, 0.0, NaN) - 10
(3.5, 8.0, 0.0, NaN) - 14
(3.5, 8.0, 0.0, NaN) - 13
(32.0, 8.0, 0.0, NaN) - 10
(32.0, 8.0, 0.0, NaN) - 7
(32.0, 8.0, 0.0, NaN) - 5
(32.0, 8.0, 0.0, NaN) - 6
(32.0, 8.0, 0.0, NaN) - 8
(32.0, 8.0, 0.0, NaN) - 7
(32.0, 8.0, 0.0, NaN) - 5
(32.0, 8.0, 0.0, NaN) - 4
(32.0, 8.0, 0.0, NaN) - 7
(32.0, 8.0, 0.0, NaN) - 7
(32.0, 8.0, 0.0, NaN) - 8
(32.0, 8.0, 0.0, NaN) - 9
(32.0, 8.0, 0.0, NaN) - 7
(32.0, 8.0, 0.0, NaN) - 7
(32.0, 8.0, 0.0, NaN) - 9
(32.0, 8.0, 0.0, NaN) - 8
(32.0, 8.0, 0.0, NaN) - 4
(32.0, 8.0, 0.0, NaN) - 7
(32.0, 8.0, 0.0, NaN) - 6
(32.0, 8.0, 0.0, NaN) - 9
(32.0, 8.0, 0.0, NaN) - 8
(32.0, 8.0, 0.0, NaN) - 8
(32.0, 8.0, 0.0, NaN) - 8
(32.0, 8.0, 0.0, NaN) - 10
(32.0, 8.0, 0.0, NaN) - 6
(2.0, 3.5, 0.0, NaN) - 16
(2.0, 3.5, 0.0, NaN) - 15
(2.0, 3.5, 0.0, NaN) - 15
(2.0, 3.5, 0.0, NaN) - 15
(2.0, 3.5, 0.0, NaN) - 13
(2.0, 3.5, 0.0, NaN) - 14
(2.0, 3.5, 0.0, NaN) - 12
(2.0, 3.5, 0.0, NaN) - 14
(2.0, 3.5, 0.0, NaN) - 15
(2.0, 3.5, 0.0, NaN) - 15
(2.0, 3.5, 0.0, NaN) - 15
(2.0, 3.5, 0.0, NaN) - 14
(2.0, 3.5, 0.0, NaN) - 15
(2.0, 3.5, 0.0, NaN) - 15
(2.0, 3.5, 0.0, NaN) - 14
(2.0, 3.5, 0.0, NaN) - 14
(2.0, 3.5, 0.0, NaN) - 16
(2.0, 3.5, 0.0, NaN) - 15
(2.0, 3.5, 0.0, NaN) - 16
(2.0, 3.5, 0.0, NaN) - 15
(2.0, 3.5, 0.0, NaN) - 17
(2.0, 3.5, 0.0, NaN) - 16
(2.0, 3.5, 0.0, NaN) - 14
(2.0, 3.5, 0.0, NaN) - 17
(2.0, 3.5, 0.0, NaN) - 13
(-16.0, -9.25, 0.0, NaN) - 9
(-16.0, -9.25, 0.0, NaN) - 11
(-16.0, -9.25, 0.0, NaN) - 9
(-16.0, -9.25, 0.0, NaN) - 10
(-16.0, -9.25, 0.0, NaN) - 8
(-16.0, -9.25, 0.0, NaN) - 11
(-16.0, -9.25, 0.0, NaN) - 7
(-16.0, -9.25, 0.0, NaN) - 9
(-16.0, -9.25, 0.0, NaN) - 10
(-16.0, -9.25, 0.0, NaN) - 5
(-16.0, -9.25, 0.0, NaN) - 11
(-16.0, -9.25, 0.0, NaN) - 9
(-16.0, -9.25, 0.0, NaN) - 9
(-16.0, -9.25, 0.0, NaN) - 12
(-16.0, -9.25, 0.0, NaN) - 9
(-16.0, -9.25, 0.0, NaN) - 9
(-16.0, -9.25, 0.0, NaN) - 8
(-16.0, -9.25, 0.0, NaN) - 10
(-16.0, -9.25, 0.0, NaN) - 8
(-16.0, -9.25, 0.0, NaN) - 7
(-16.0, -9.25, 0.0, NaN) - 9
(-16.0, -9.25, 0.0, NaN) - 12
(-16.0, -9.25, 0.0, NaN) - 11
(-16.0, -9.25, 0.0, NaN) - 8
(-16.0, -9.25, 0.0, NaN) - 9
(15.5, 8.0, 0.0, NaN) - 11
(15.5, 8.0, 0.0, NaN) - 12
(15.5, 8.0, 0.0, NaN) - 12
(15.5, 8.0, 0.0, NaN) - 10
(15.5, 8.0, 0.0, NaN) - 8
(15.5, 8.0, 0.0, NaN) - 10
(15.5, 8.0, 0.0, NaN) - 9
(15.5, 8.0, 0.0, NaN) - 9
(15.5, 8.0, 0.0, NaN) - 10
(15.5, 8.0, 0.0, NaN) - 11
(15.5, 8.0, 0.0, NaN) - 12
(15.5, 8.0, 0.0, NaN) - 8
(15.5, 8.0, 0.0, NaN) - 9
(15.5, 8.0, 0.0, NaN) - 9
(15.5, 8.0, 0.0, NaN) - 11
(15.5, 8.0, 0.0, NaN) - 10
(15.5, 8.0, 0.0, NaN) - 10
(15.5, 8.0, 0.0, NaN) - 8
(15.5, 8.0, 0.0, NaN) - 9
(15.5, 8.0, 0.0, NaN) - 10
(15.5, 8.0, 0.0, NaN) - 9
(15.5, 8.0, 0.0, NaN) - 12
(15.5, 8.0, 0.0, NaN) - 10
(15.5, 8.0, 0.0, NaN) - 9
(15.5, 8.0, 0.0, NaN) - 9
(-23.5, -10.75, 0.0, NaN) - 10
(-23.5, -10.75, 0.0, NaN) - 9
(-23.5, -10.75, 0.0, NaN) - 10
(-23.5, -10.75, 0.0, NaN) - 8
(-23.5, -10.75, 0.0, NaN) - 10
(-23.5, -10.75, 0.0, NaN) - 8
(-23.5, -10.75, 0.0, NaN) - 8
(-23.5, -10.75, 0.0, NaN) - 10
(-23.5, -10.75, 0.0, NaN) - 8
(-23.5, -10.75, 0.0, NaN) - 8
(-23.5, -10.75, 0.0, NaN) - 9
(-23.5, -10.75, 0.0, NaN) - 9
(-23.5, -10.75, 0.0, NaN) - 10
(-23.5, -10.75, 0.0, NaN) - 6
(-23.5, -10.75, 0.0, NaN) - 10
(-23.5, -10.75, 0.0, NaN) - 8
(-23.5, -10.75, 0.0, NaN) - 11
(-23.5, -10.75, 0.0, NaN) - 10
(-23.5, -10.75, 0.0, NaN) - 8
(-23.5, -10.75, 0.0, NaN) - 9
(-23.5, -10.75, 0.0, NaN) - 6
(-23.5, -10.75, 0.0, NaN) - 9
(-23.5, -10.75, 0.0, NaN) - 10
(-23.5, -10.75, 0.0, NaN) - 5
(-23.5, -10.75, 0.0, NaN) - 9
(0.5, -6.25, 0.0, NaN) - 10
(0.5, -6.25, 0.0, NaN) - 13
(0.5, -6.25, 0.0, NaN) - 14
(0.5, -6.25, 0.0, NaN) - 15
(0.5, -6.25, 0.0, NaN) - 15
(0.5, -6.25, 0.0, NaN) - 11
(0.5, -6.25, 0.0, NaN) - 10
(0.5, -6.25, 0.0, NaN) - 14
(0.5, -6.25, 0.0, NaN) - 12
(0.5, -6.25, 0.0, NaN) - 16
(0.5, -6.25, 0.0, NaN) - 12
(0.5, -6.25, 0.0, NaN) - 13
(0.5, -6.25, 0.0, NaN) - 14
(0.5, -6.25, 0.0, NaN) - 15
(0.5, -6.25, 0.0, NaN) - 14
(0.5, -6.25, 0.0, NaN) - 12
(0.5, -6.25, 0.0, NaN) - 13
(0.5, -6.25, 0.0, NaN) - 14
(0.5, -6.25, 0.0, NaN) - 11
(0.5, -6.25, 0.0, NaN) - 13
(0.5, -6.25, 0.0, NaN) - 15
(0.5, -6.25, 0.0, NaN) - 9
(0.5, -6.25, 0.0, NaN) - 15
(0.5, -6.25, 0.0, NaN) - 11
(0.5, -6.25, 0.0, NaN) - 13
(11.0, 5.0, 0.0, NaN) - 11
(11.0, 5.0, 0.0, NaN) - 10
(11.0, 5.0, 0.0, NaN) - 10
(11.0, 5.0, 0.0, NaN) - 11
(11.0, 5.0, 0.0, NaN) - 10
(11.0, 5.0, 0.0, NaN) - 11
(11.0, 5.0, 0.0, NaN) - 13
(11.0, 5.0, 0.0, NaN) - 11
(11.0, 5.0, 0.0, NaN) - 10
(11.0, 5.0, 0.0, NaN) - 9
(11.0, 5.0, 0.0, NaN) - 6
(11.0, 5.0, 0.0, NaN) - 9
(11.0, 5.0, 0.0, NaN) - 9
(11.0, 5.0, 0.0, NaN) - 9
(11.0, 5.0, 0.0, NaN) - 13
(11.0, 5.0, 0.0, NaN) - 7
(11.0, 5.0, 0.0, NaN) - 11
(11.0, 5.0, 0.0, NaN) - 11
(11.0, 5.0, 0.0, NaN) - 11
(11.0, 5.0, 0.0, NaN) - 9
(11.0, 5.0, 0.0, NaN) - 13
(11.0, 5.0, 0.0, NaN) - 11
(11.0, 5.0, 0.0, NaN) - 9
(11.0, 5.0, 0.0, NaN) - 11
(11.0, 5.0, 0.0, NaN) - 7
(14.0, 3.5, 0.0, NaN) - 13
(14.0, 3.5, 0.0, NaN) - 9
(14.0, 3.5, 0.0, NaN) - 10
(14.0, 3.5, 0.0, NaN) - 12
(14.0, 3.5, 0.0, NaN) - 9
(14.0, 3.5, 0.0, NaN) - 10
(14.0, 3.5, 0.0, NaN) - 12
(14.0, 3.5, 0.0, NaN) - 8
(14.0, 3.5, 0.0, NaN) - 9
(14.0, 3.5, 0.0, NaN) - 9
(14.0, 3.5, 0.0, NaN) - 13
(14.0, 3.5, 0.0, NaN) - 12
(14.0, 3.5, 0.0, NaN) - 12
(14.0, 3.5, 0.0, NaN) - 13
(14.0, 3.5, 0.0, NaN) - 11
(14.0, 3.5, 0.0, NaN) - 15
(14.0, 3.5, 0.0, NaN) - 10
(14.0, 3.5, 0.0, NaN) - 10
(14.0, 3.5, 0.0, NaN) - 12
(14.0, 3.5, 0.0, NaN) - 12
(14.0, 3.5, 0.0, NaN) - 12
(14.0, 3.5, 0.0, NaN) - 11
(14.0, 3.5, 0.0, NaN) - 13
(14.0, 3.5, 0.0, NaN) - 14
(14.0, 3.5, 0.0, NaN) - 8
(2.0, 11.0, 0.0, NaN) - 10
(2.0, 11.0, 0.0, NaN) - 11
(2.0, 11.0, 0.0, NaN) - 10
(2.0, 11.0, 0.0, NaN) - 10
(2.0, 11.0, 0.0, NaN) - 12
(2.0, 11.0, 0.0, NaN) - 11
(2.0, 11.0, 0.0, NaN) - 14
(2.0, 11.0, 0.0, NaN) - 11
(2.0, 11.0, 0.0, NaN) - 12
(2.0, 11.0, 0.0, NaN) - 14
(2.0, 11.0, 0.0, NaN) - 10
(2.0, 11.0, 0.0, NaN) - 10
(2.0, 11.0, 0.0, NaN) - 13
(2.0, 11.0, 0.0, NaN) - 13
(2.0, 11.0, 0.0, NaN) - 13
(2.0, 11.0, 0.0, NaN) - 11
(2.0, 11.0, 0.0, NaN) - 13
(2.0, 11.0, 0.0, NaN) - 13
(2.0, 11.0, 0.0, NaN) - 12
(2.0, 11.0, 0.0, NaN) - 12
(2.0, 11.0, 0.0, NaN) - 12
(2.0, 11.0, 0.0, NaN) - 13
(2.0, 11.0, 0.0, NaN) - 12
(2.0, 11.0, 0.0, NaN) - 11
(2.0, 11.0, 0.0, NaN) - 13
(-4.0, -9.25, 0.0, NaN) - 11
(-4.0, -9.25, 0.0, NaN) - 9
(-4.0, -9.25, 0.0, NaN) - 10
(-4.0, -9.25, 0.0, NaN) - 10
(-4.0, -9.25, 0.0, NaN) - 10
(-4.0, -9.25, 0.0, NaN) - 8
(-4.0, -9.25, 0.0, NaN) - 9
(-4.0, -9.25, 0.0, NaN) - 11
(-4.0, -9.25, 0.0, NaN) - 10
(-4.0, -9.25, 0.0, NaN) - 9
(-4.0, -9.25, 0.0, NaN) - 12
(-4.0, -9.25, 0.0, NaN) - 8
(-4.0, -9.25, 0.0, NaN) - 9
(-4.0, -9.25, 0.0, NaN) - 8
(-4.0, -9.25, 0.0, NaN) - 9
(-4.0, -9.25, 0.0, NaN) - 9
(-4.0, -9.25, 0.0, NaN) - 11
(-4.0, -9.25, 0.0, NaN) - 10
(-4.0, -9.25, 0.0, NaN) - 9
(-4.0, -9.25, 0.0, NaN) - 8
(-4.0, -9.25, 0.0, NaN) - 10
(-4.0, -9.25, 0.0, NaN) - 10
(-4.0, -9.25, 0.0, NaN) - 9
(-4.0, -9.25, 0.0, NaN) - 9
(-4.0, -9.25, 0.0, NaN) - 9
(27.5, 8.0, 0.0, NaN) - 8
(27.5, 8.0, 0.0, NaN) - 8
(27.5, 8.0, 0.0, NaN) - 9
(27.5, 8.0, 0.0, NaN) - 8
(27.5, 8.0, 0.0, NaN) - 11
(27.5, 8.0, 0.0, NaN) - 7
(27.5, 8.0, 0.0, NaN) - 7
(27.5, 8.0, 0.0, NaN) - 9
(27.5, 8.0, 0.0, NaN) - 10
(27.5, 8.0, 0.0, NaN) - 9
(27.5, 8.0, 0.0, NaN) - 7
(27.5, 8.0, 0.0, NaN) - 5
(27.5, 8.0, 0.0, NaN) - 8
(27.5, 8.0, 0.0, NaN) - 8
(27.5, 8.0, 0.0, NaN) - 9
(27.5, 8.0, 0.0, NaN) - 8
(27.5, 8.0, 0.0, NaN) - 8
(27.5, 8.0, 0.0, NaN) - 8
(27.5, 8.0, 0.0, NaN) - 8
(27.5, 8.0, 0.0, NaN) - 9
(27.5, 8.0, 0.0, NaN) - 7
(27.5, 8.0, 0.0, NaN) - 8
(27.5, 8.0, 0.0, NaN) - 8
(27.5, 8.0, 0.0, NaN) - 7
(27.5, 8.0, 0.0, NaN) - 6
(-11.5, -10.75, 0.0, NaN) - 8
(-11.5, -10.75, 0.0, NaN) - 6
(-11.5, -10.75, 0.0, NaN) - 9
(-11.5, -10.75, 0.0, NaN) - 10
(-11.5, -10.75, 0.0, NaN) - 9
(-11.5, -10.75, 0.0, NaN) - 6
(-11.5, -10.75, 0.0, NaN) - 7
(-11.5, -10.75, 0.0, NaN) - 8
(-11.5, -10.75, 0.0, NaN) - 9
(-11.5, -10.75, 0.0, NaN) - 9
(-11.5, -10.75, 0.0, NaN) - 8
(-11.5, -10.75, 0.0, NaN) - 9
(-11.5, -10.75, 0.0, NaN) - 8
(-11.5, -10.75, 0.0, NaN) - 9
(-11.5, -10.75, 0.0, NaN) - 8
(-11.5, -10.75, 0.0, NaN) - 10
(-11.5, -10.75, 0.0, NaN) - 8
(-11.5, -10.75, 0.0, NaN) - 8
(-11.5, -10.75, 0.0, NaN) - 10
(-11.5, -10.75, 0.0, NaN) - 8
(-11.5, -10.75, 0.0, NaN) - 7
(-11.5, -10.75, 0.0, NaN) - 10
(-11.5, -10.75, 0.0, NaN) - 8
(-11.5, -10.75, 0.0, NaN) - 9
(-11.5, -10.75, 0.0, NaN) - 9
(23.0, 5.0, 0.0, NaN) - 10
(23.0, 5.0, 0.0, NaN) - 8
(23.0, 5.0, 0.0, NaN) - 5
(23.0, 5.0, 0.0, NaN) - 7
(23.0, 5.0, 0.0, NaN) - 8
(23.0, 5.0, 0.0, NaN) - 6
(23.0, 5.0, 0.0, NaN) - 8
(23.0, 5.0, 0.0, NaN) - 9
(23.0, 5.0, 0.0, NaN) - 8
(23.0, 5.0, 0.0, NaN) - 8
(23.0, 5.0, 0.0, NaN) - 7
(23.0, 5.0, 0.0, NaN) - 8
(23.0, 5.0, 0.0, NaN) - 7
(23.0, 5.0, 0.0, NaN) - 9
(23.0, 5.0, 0.0, NaN) - 10
(23.0, 5.0, 0.0, NaN) - 6
(23.0, 5.0, 0.0, NaN) - 6
(23.0, 5.0, 0.0, NaN) - 9
(23.0, 5.0, 0.0, NaN) - 7
(23.0, 5.0, 0.0, NaN) - 9
(23.0, 5.0, 0.0, NaN) - 9
(23.0, 5.0, 0.0, NaN) - 8
(23.0, 5.0, 0.0, NaN) - 8
(23.0, 5.0, 0.0, NaN) - 7
(23.0, 5.0, 0.0, NaN) - 7
(26.0, 3.5, 0.0, NaN) - 11
(26.0, 3.5, 0.0, NaN) - 8
(26.0, 3.5, 0.0, NaN) - 6
(26.0, 3.5, 0.0, NaN) - 8
(26.0, 3.5, 0.0, NaN) - 9
(26.0, 3.5, 0.0, NaN) - 8
(26.0, 3.5, 0.0, NaN) - 6
(26.0, 3.5, 0.0, NaN) - 8
(26.0, 3.5, 0.0, NaN) - 5
(26.0, 3.5, 0.0, NaN) - 9
(26.0, 3.5, 0.0, NaN) - 9
(26.0, 3.5, 0.0, NaN) - 10
(26.0, 3.5, 0.0, NaN) - 8
(26.0, 3.5, 0.0, NaN) - 10
(26.0, 3.5, 0.0, NaN) - 7
(26.0, 3.5, 0.0, NaN) - 8
(26.0, 3.5, 0.0, NaN) - 8
(26.0, 3.5, 0.0, NaN) - 11
(26.0, 3.5, 0.0, NaN) - 8
(26.0, 3.5, 0.0, NaN) - 10
(26.0, 3.5, 0.0, NaN) - 8
(26.0, 3.5, 0.0, NaN) - 10
(26.0, 3.5, 0.0, NaN) - 9
(26.0, 3.5, 0.0, NaN) - 7
(26.0, 3.5, 0.0, NaN) - 9
(2.0, -6.25, 0.0, NaN) - 12
(2.0, -6.25, 0.0, NaN) - 12
(2.0, -6.25, 0.0, NaN) - 15
(2.0, -6.25, 0.0, NaN) - 13
(2.0, -6.25, 0.0, NaN) - 12
(2.0, -6.25, 0.0, NaN) - 12
(2.0, -6.25, 0.0, NaN) - 13
(2.0, -6.25, 0.0, NaN) - 13
(2.0, -6.25, 0.0, NaN) - 13
(2.0, -6.25, 0.0, NaN) - 13
(2.0, -6.25, 0.0, NaN) - 11
(2.0, -6.25, 0.0, NaN) - 7
(2.0, -6.25, 0.0, NaN) - 10
(2.0, -6.25, 0.0, NaN) - 14
(2.0, -6.25, 0.0, NaN) - 16
(2.0, -6.25, 0.0, NaN) - 11
(2.0, -6.25, 0.0, NaN) - 13
(2.0, -6.25, 0.0, NaN) - 11
(2.0, -6.25, 0.0, NaN) - 15
(2.0, -6.25, 0.0, NaN) - 14
(2.0, -6.25, 0.0, NaN) - 11
(2.0, -6.25, 0.0, NaN) - 14
(2.0, -6.25, 0.0, NaN) - 12
(2.0, -6.25, 0.0, NaN) - 12
(2.0, -6.25, 0.0, NaN) - 13
(9.5, 3.5, 0.0, NaN) - 13
(9.5, 3.5, 0.0, NaN) - 13
(9.5, 3.5, 0.0, NaN) - 15
(9.5, 3.5, 0.0, NaN) - 14
(9.5, 3.5, 0.0, NaN) - 13
(9.5, 3.5, 0.0, NaN) - 14
(9.5, 3.5, 0.0, NaN) - 12
(9.5, 3.5, 0.0, NaN) - 12
(9.5, 3.5, 0.0, NaN) - 15
(9.5, 3.5, 0.0, NaN) - 11
(9.5, 3.5, 0.0, NaN) - 13
(9.5, 3.5, 0.0, NaN) - 10
(9.5, 3.5, 0.0, NaN) - 12
(9.5, 3.5, 0.0, NaN) - 12
(9.5, 3.5, 0.0, NaN) - 12
(9.5, 3.5, 0.0, NaN) - 13
(9.5, 3.5, 0.0, NaN) - 11
(9.5, 3.5, 0.0, NaN) - 12
(9.5, 3.5, 0.0, NaN) - 12
(9.5, 3.5, 0.0, NaN) - 11
(9.5, 3.5, 0.0, NaN) - 13
(9.5, 3.5, 0.0, NaN) - 12
(9.5, 3.5, 0.0, NaN) - 11
(9.5, 3.5, 0.0, NaN) - 14
(9.5, 3.5, 0.0, NaN) - 13
(0.5, 9.5, 0.0, NaN) - 13
(0.5, 9.5, 0.0, NaN) - 12
(0.5, 9.5, 0.0, NaN) - 13
(0.5, 9.5, 0.0, NaN) - 13
(0.5, 9.5, 0.0, NaN) - 15
(0.5, 9.5, 0.0, NaN) - 12
(0.5, 9.5, 0.0, NaN) - 11
(0.5, 9.5, 0.0, NaN) - 11
(0.5, 9.5, 0.0, NaN) - 12
(0.5, 9.5, 0.0, NaN) - 11
(0.5, 9.5, 0.0, NaN) - 15
(0.5, 9.5, 0.0, NaN) - 14
(0.5, 9.5, 0.0, NaN) - 13
(0.5, 9.5, 0.0, NaN) - 14
(0.5, 9.5, 0.0, NaN) - 15
(0.5, 9.5, 0.0, NaN) - 14
(0.5, 9.5, 0.0, NaN) - 12
(0.5, 9.5, 0.0, NaN) - 12
(0.5, 9.5, 0.0, NaN) - 14
(0.5, 9.5, 0.0, NaN) - 11
(0.5, 9.5, 0.0, NaN) - 11
(0.5, 9.5, 0.0, NaN) - 12
(0.5, 9.5, 0.0, NaN) - 11
(0.5, 9.5, 0.0, NaN) - 12
(0.5, 9.5, 0.0, NaN) - 14
(0.5, -15.25, 0.0, NaN) - 10
(0.5, -15.25, 0.0, NaN) - 11
(0.5, -15.25, 0.0, NaN) - 11
(0.5, -15.25, 0.0, NaN) - 9
(0.5, -15.25, 0.0, NaN) - 8
(0.5, -15.25, 0.0, NaN) - 14
(0.5, -15.25, 0.0, NaN) - 10
(0.5, -15.25, 0.0, NaN) - 10
(0.5, -15.25, 0.0, NaN) - 11
(0.5, -15.25, 0.0, NaN) - 10
(0.5, -15.25, 0.0, NaN) - 10
(0.5, -15.25, 0.0, NaN) - 8
(0.5, -15.25, 0.0, NaN) - 9
(0.5, -15.25, 0.0, NaN) - 9
(0.5, -15.25, 0.0, NaN) - 10
(0.5, -15.25, 0.0, NaN) - 12
(0.5, -15.25, 0.0, NaN) - 10
(0.5, -15.25, 0.0, NaN) - 12
(0.5, -15.25, 0.0, NaN) - 10
(0.5, -15.25, 0.0, NaN) - 11
(0.5, -15.25, 0.0, NaN) - 9
(0.5, -15.25, 0.0, NaN) - 13
(0.5, -15.25, 0.0, NaN) - 12
(0.5, -15.25, 0.0, NaN) - 7
(0.5, -15.25, 0.0, NaN) - 8
(2.0, 2.0, 0.0, NaN) - 15
(2.0, 2.0, 0.0, NaN) - 10
(2.0, 2.0, 0.0, NaN) - 14
(2.0, 2.0, 0.0, NaN) - 15
(2.0, 2.0, 0.0, NaN) - 15
(2.0, 2.0, 0.0, NaN) - 13
(2.0, 2.0, 0.0, NaN) - 14
(2.0, 2.0, 0.0, NaN) - 13
(2.0, 2.0, 0.0, NaN) - 14
(2.0, 2.0, 0.0, NaN) - 11
(2.0, 2.0, 0.0, NaN) - 14
(2.0, 2.0, 0.0, NaN) - 11
(2.0, 2.0, 0.0, NaN) - 14
(2.0, 2.0, 0.0, NaN) - 11
(2.0, 2.0, 0.0, NaN) - 15
(2.0, 2.0, 0.0, NaN) - 14
(2.0, 2.0, 0.0, NaN) - 12
(2.0, 2.0, 0.0, NaN) - 9
(2.0, 2.0, 0.0, NaN) - 13
(2.0, 2.0, 0.0, NaN) - 14
(2.0, 2.0, 0.0, NaN) - 14
(2.0, 2.0, 0.0, NaN) - 12
(2.0, 2.0, 0.0, NaN) - 12
(2.0, 2.0, 0.0, NaN) - 15
(2.0, 2.0, 0.0, NaN) - 15
(-16.0, -10.75, 0.0, NaN) - 9
(-16.0, -10.75, 0.0, NaN) - 9
(-16.0, -10.75, 0.0, NaN) - 10
(-16.0, -10.75, 0.0, NaN) - 9
(-16.0, -10.75, 0.0, NaN) - 11
(-16.0, -10.75, 0.0, NaN) - 9
(-16.0, -10.75, 0.0, NaN) - 8
(-16.0, -10.75, 0.0, NaN) - 10
(-16.0, -10.75, 0.0, NaN) - 7
(-16.0, -10.75, 0.0, NaN) - 9
(-16.0, -10.75, 0.0, NaN) - 7
(-16.0, -10.75, 0.0, NaN) - 9
(-16.0, -10.75, 0.0, NaN) - 10
(-16.0, -10.75, 0.0, NaN) - 9
(-16.0, -10.75, 0.0, NaN) - 10
(-16.0, -10.75, 0.0, NaN) - 8
(-16.0, -10.75, 0.0, NaN) - 9
(-16.0, -10.75, 0.0, NaN) - 9
(-16.0, -10.75, 0.0, NaN) - 9
(-16.0, -10.75, 0.0, NaN) - 9
(-16.0, -10.75, 0.0, NaN) - 10
(-16.0, -10.75, 0.0, NaN) - 8
(-16.0, -10.75, 0.0, NaN) - 9
(-16.0, -10.75, 0.0, NaN) - 9
(-16.0, -10.75, 0.0, NaN) - 8
(21.5, 3.5, 0.0, NaN) - 8
(21.5, 3.5, 0.0, NaN) - 9
(21.5, 3.5, 0.0, NaN) - 10
(21.5, 3.5, 0.0, NaN) - 10
(21.5, 3.5, 0.0, NaN) - 8
(21.5, 3.5, 0.0, NaN) - 10
(21.5, 3.5, 0.0, NaN) - 9
(21.5, 3.5, 0.0, NaN) - 10
(21.5, 3.5, 0.0, NaN) - 13
(21.5, 3.5, 0.0, NaN) - 8
(21.5, 3.5, 0.0, NaN) - 12
(21.5, 3.5, 0.0, NaN) - 9
(21.5, 3.5, 0.0, NaN) - 12
(21.5, 3.5, 0.0, NaN) - 12
(21.5, 3.5, 0.0, NaN) - 7
(21.5, 3.5, 0.0, NaN) - 9
(21.5, 3.5, 0.0, NaN) - 13
(21.5, 3.5, 0.0, NaN) - 12
(21.5, 3.5, 0.0, NaN) - 12
(21.5, 3.5, 0.0, NaN) - 9
(21.5, 3.5, 0.0, NaN) - 9
(21.5, 3.5, 0.0, NaN) - 13
(21.5, 3.5, 0.0, NaN) - 11
(21.5, 3.5, 0.0, NaN) - 10
(21.5, 3.5, 0.0, NaN) - 11
(0.5, -7.75, 0.0, NaN) - 12
(0.5, -7.75, 0.0, NaN) - 13
(0.5, -7.75, 0.0, NaN) - 14
(0.5, -7.75, 0.0, NaN) - 17
(0.5, -7.75, 0.0, NaN) - 14
(0.5, -7.75, 0.0, NaN) - 15
(0.5, -7.75, 0.0, NaN) - 15
(0.5, -7.75, 0.0, NaN) - 12
(0.5, -7.75, 0.0, NaN) - 14
(0.5, -7.75, 0.0, NaN) - 12
(0.5, -7.75, 0.0, NaN) - 15
(0.5, -7.75, 0.0, NaN) - 13
(0.5, -7.75, 0.0, NaN) - 14
(0.5, -7.75, 0.0, NaN) - 15
(0.5, -7.75, 0.0, NaN) - 13
(0.5, -7.75, 0.0, NaN) - 14
(0.5, -7.75, 0.0, NaN) - 15
(0.5, -7.75, 0.0, NaN) - 14
(0.5, -7.75, 0.0, NaN) - 12
(0.5, -7.75, 0.0, NaN) - 15
(0.5, -7.75, 0.0, NaN) - 14
(0.5, -7.75, 0.0, NaN) - 12
(0.5, -7.75, 0.0, NaN) - 9
(0.5, -7.75, 0.0, NaN) - 15
(0.5, -7.75, 0.0, NaN) - 12
(5.0, 8.0, 0.0, NaN) - 14
(5.0, 8.0, 0.0, NaN) - 13
(5.0, 8.0, 0.0, NaN) - 11
(5.0, 8.0, 0.0, NaN) - 11
(5.0, 8.0, 0.0, NaN) - 13
(5.0, 8.0, 0.0, NaN) - 12
(5.0, 8.0, 0.0, NaN) - 13
(5.0, 8.0, 0.0, NaN) - 10
(5.0, 8.0, 0.0, NaN) - 10
(5.0, 8.0, 0.0, NaN) - 11
(5.0, 8.0, 0.0, NaN) - 12
(5.0, 8.0, 0.0, NaN) - 12
(5.0, 8.0, 0.0, NaN) - 14
(5.0, 8.0, 0.0, NaN) - 14
(5.0, 8.0, 0.0, NaN) - 12
(5.0, 8.0, 0.0, NaN) - 12
(5.0, 8.0, 0.0, NaN) - 13
(5.0, 8.0, 0.0, NaN) - 13
(5.0, 8.0, 0.0, NaN) - 10
(5.0, 8.0, 0.0, NaN) - 13
(5.0, 8.0, 0.0, NaN) - 13
(5.0, 8.0, 0.0, NaN) - 10
(5.0, 8.0, 0.0, NaN) - 13
(5.0, 8.0, 0.0, NaN) - 15
(5.0, 8.0, 0.0, NaN) - 14
(-4.0, -10.75, 0.0, NaN) - 11
(-4.0, -10.75, 0.0, NaN) - 10
(-4.0, -10.75, 0.0, NaN) - 11
(-4.0, -10.75, 0.0, NaN) - 9
(-4.0, -10.75, 0.0, NaN) - 10
(-4.0, -10.75, 0.0, NaN) - 11
(-4.0, -10.75, 0.0, NaN) - 11
(-4.0, -10.75, 0.0, NaN) - 11
(-4.0, -10.75, 0.0, NaN) - 9
(-4.0, -10.75, 0.0, NaN) - 10
(-4.0, -10.75, 0.0, NaN) - 9
(-4.0, -10.75, 0.0, NaN) - 9
(-4.0, -10.75, 0.0, NaN) - 8
(-4.0, -10.75, 0.0, NaN) - 10
(-4.0, -10.75, 0.0, NaN) - 10
(-4.0, -10.75, 0.0, NaN) - 12
(-4.0, -10.75, 0.0, NaN) - 11
(-4.0, -10.75, 0.0, NaN) - 11
(-4.0, -10.75, 0.0, NaN) - 11
(-4.0, -10.75, 0.0, NaN) - 11
(-4.0, -10.75, 0.0, NaN) - 10
(-4.0, -10.75, 0.0, NaN) - 9
(-4.0, -10.75, 0.0, NaN) - 8
(-4.0, -10.75, 0.0, NaN) - 11
(-4.0, -10.75, 0.0, NaN) - 11
(2.0, -15.25, 0.0, NaN) - 11
(2.0, -15.25, 0.0, NaN) - 11
(2.0, -15.25, 0.0, NaN) - 11
(2.0, -15.25, 0.0, NaN) - 11
(2.0, -15.25, 0.0, NaN) - 13
(2.0, -15.25, 0.0, NaN) - 5
(2.0, -15.25, 0.0, NaN) - 11
(2.0, -15.25, 0.0, NaN) - 8
(2.0, -15.25, 0.0, NaN) - 9
(2.0, -15.25, 0.0, NaN) - 10
(2.0, -15.25, 0.0, NaN) - 11
(2.0, -15.25, 0.0, NaN) - 10
(2.0, -15.25, 0.0, NaN) - 8
(2.0, -15.25, 0.0, NaN) - 11
(2.0, -15.25, 0.0, NaN) - 11
(2.0, -15.25, 0.0, NaN) - 12
(2.0, -15.25, 0.0, NaN) - 9
(2.0, -15.25, 0.0, NaN) - 9
(2.0, -15.25, 0.0, NaN) - 9
(2.0, -15.25, 0.0, NaN) - 9
(2.0, -15.25, 0.0, NaN) - 9
(2.0, -15.25, 0.0, NaN) - 9
(2.0, -15.25, 0.0, NaN) - 12
(2.0, -15.25, 0.0, NaN) - 10
(2.0, -15.25, 0.0, NaN) - 10
(-14.5, -9.25, 0.0, NaN) - 7
(-14.5, -9.25, 0.0, NaN) - 8
(-14.5, -9.25, 0.0, NaN) - 9
(-14.5, -9.25, 0.0, NaN) - 12
(-14.5, -9.25, 0.0, NaN) - 9
(-14.5, -9.25, 0.0, NaN) - 9
(-14.5, -9.25, 0.0, NaN) - 7
(-14.5, -9.25, 0.0, NaN) - 9
(-14.5, -9.25, 0.0, NaN) - 10
(-14.5, -9.25, 0.0, NaN) - 9
(-14.5, -9.25, 0.0, NaN) - 8
(-14.5, -9.25, 0.0, NaN) - 8
(-14.5, -9.25, 0.0, NaN) - 8
(-14.5, -9.25, 0.0, NaN) - 9
(-14.5, -9.25, 0.0, NaN) - 10
(-14.5, -9.25, 0.0, NaN) - 9
(-14.5, -9.25, 0.0, NaN) - 11
(-14.5, -9.25, 0.0, NaN) - 9
(-14.5, -9.25, 0.0, NaN) - 11
(-14.5, -9.25, 0.0, NaN) - 9
(-14.5, -9.25, 0.0, NaN) - 9
(-14.5, -9.25, 0.0, NaN) - 7
(-14.5, -9.25, 0.0, NaN) - 9
(-14.5, -9.25, 0.0, NaN) - 9
(-14.5, -9.25, 0.0, NaN) - 9
(0.5, 0.5, 0.0, NaN) - 12
(0.5, 0.5, 0.0, NaN) - 15
(0.5, 0.5, 0.0, NaN) - 17
(0.5, 0.5, 0.0, NaN) - 17
(0.5, 0.5, 0.0, NaN) - 12
(0.5, 0.5, 0.0, NaN) - 15
(0.5, 0.5, 0.0, NaN) - 16
(0.5, 0.5, 0.0, NaN) - 11
(0.5, 0.5, 0.0, NaN) - 13
(0.5, 0.5, 0.0, NaN) - 15
(0.5, 0.5, 0.0, NaN) - 14
(0.5, 0.5, 0.0, NaN) - 16
(0.5, 0.5, 0.0, NaN) - 17
(0.5, 0.5, 0.0, NaN) - 16
(0.5, 0.5, 0.0, NaN) - 13
(0.5, 0.5, 0.0, NaN) - 14
(0.5, 0.5, 0.0, NaN) - 14
(0.5, 0.5, 0.0, NaN) - 14
(0.5, 0.5, 0.0, NaN) - 17
(0.5, 0.5, 0.0, NaN) - 12
(0.5, 0.5, 0.0, NaN) - 16
(0.5, 0.5, 0.0, NaN) - 13
(0.5, 0.5, 0.0, NaN) - 17
(0.5, 0.5, 0.0, NaN) - 12
(0.5, 0.5, 0.0, NaN) - 16
(-23.9, -9.65, 0.0, NaN) - 11
(-23.9, -9.65, 0.0, NaN) - 10
(-23.9, -9.65, 0.0, NaN) - 10
(-23.9, -9.65, 0.0, NaN) - 7
(-23.9, -9.65, 0.0, NaN) - 8
(-23.0, -10.55, 0.0, NaN) - 9
(-23.0, -10.55, 0.0, NaN) - 8
(-23.0, -10.55, 0.0, NaN) - 8
(-23.0, -10.55, 0.0, NaN) - 9
(-23.0, -10.55, 0.0, NaN) - 7
(-19.65, -10.7, 0.0, NaN) - 8
(-19.65, -10.7, 0.0, NaN) - 10
(-19.65, -10.7, 0.0, NaN) - 8
(-19.65, -10.7, 0.0, NaN) - 8
(-19.65, -10.7, 0.0, NaN) - 10
(-17.35, -11.2, 0.0, NaN) - 10
(-17.35, -11.2, 0.0, NaN) - 10
(-17.35, -11.2, 0.0, NaN) - 10
(-17.35, -11.2, 0.0, NaN) - 10
(-17.35, -11.2, 0.0, NaN) - 9
(-15.5, -9.6, 0.0, NaN) - 12
(-15.5, -9.6, 0.0, NaN) - 10
(-15.5, -9.6, 0.0, NaN) - 8
(-15.5, -9.6, 0.0, NaN) - 10
(-15.5, -9.6, 0.0, NaN) - 9
(-12.9, -10.5, 0.0, NaN) - 8
(-12.9, -10.5, 0.0, NaN) - 11
(-12.9, -10.5, 0.0, NaN) - 9
(-12.9, -10.5, 0.0, NaN) - 8
(-12.9, -10.5, 0.0, NaN) - 11
(-10.55, -9.9, 0.0, NaN) - 9
(-10.55, -9.9, 0.0, NaN) - 10
(-10.55, -9.9, 0.0, NaN) - 12
(-10.55, -9.9, 0.0, NaN) - 10
(-10.55, -9.9, 0.0, NaN) - 9
(-9.2, -10.75, 0.0, NaN) - 10
(-9.2, -10.75, 0.0, NaN) - 8
(-9.2, -10.75, 0.0, NaN) - 13
(-9.2, -10.75, 0.0, NaN) - 11
(-9.2, -10.75, 0.0, NaN) - 10
(-6.35, -10.2, 0.0, NaN) - 8
(-6.35, -10.2, 0.0, NaN) - 9
(-6.35, -10.2, 0.0, NaN) - 11
(-6.35, -10.2, 0.0, NaN) - 10
(-6.35, -10.2, 0.0, NaN) - 10
(-4.1, -9.9, 0.0, NaN) - 11
(-4.1, -9.9, 0.0, NaN) - 10
(-4.1, -9.9, 0.0, NaN) - 10
(-4.1, -9.9, 0.0, NaN) - 12
(-4.1, -9.9, 0.0, NaN) - 10
(-2.05, -11.1, 0.0, NaN) - 11
(-2.05, -11.1, 0.0, NaN) - 14
(-2.05, -11.1, 0.0, NaN) - 12
(-2.05, -11.1, 0.0, NaN) - 10
(-2.05, -11.1, 0.0, NaN) - 13
(-0.95, -9.95, 0.0, NaN) - 12
(-0.95, -9.95, 0.0, NaN) - 12
(-0.95, -9.95, 0.0, NaN) - 12
(-0.95, -9.95, 0.0, NaN) - 11
(-0.95, -9.95, 0.0, NaN) - 13
(0.85, -18.55, 0.0, NaN) - 10
(0.85, -18.55, 0.0, NaN) - 10
(0.85, -18.55, 0.0, NaN) - 10
(0.85, -18.55, 0.0, NaN) - 10
(0.85, -18.55, 0.0, NaN) - 10
(1.15, -15.15, 0.0, NaN) - 10
(1.15, -15.15, 0.0, NaN) - 13
(1.15, -15.15, 0.0, NaN) - 12
(1.15, -15.15, 0.0, NaN) - 10
(1.15, -15.15, 0.0, NaN) - 12
(0.75, -13.05, 0.0, NaN) - 13
(0.75, -13.05, 0.0, NaN) - 14
(0.75, -13.05, 0.0, NaN) - 15
(0.75, -13.05, 0.0, NaN) - 13
(0.75, -13.05, 0.0, NaN) - 13
(1.55, -11.95, 0.0, NaN) - 11
(1.55, -11.95, 0.0, NaN) - 12
(1.55, -11.95, 0.0, NaN) - 13
(1.55, -11.95, 0.0, NaN) - 12
(1.55, -11.95, 0.0, NaN) - 11
(1.2, -9.05, 0.0, NaN) - 12
(1.2, -9.05, 0.0, NaN) - 10
(1.2, -9.05, 0.0, NaN) - 14
(1.2, -9.05, 0.0, NaN) - 14
(1.2, -9.05, 0.0, NaN) - 14
(1.65, -6.3, 0.0, NaN) - 16
(1.65, -6.3, 0.0, NaN) - 13
(1.65, -6.3, 0.0, NaN) - 12
(1.65, -6.3, 0.0, NaN) - 10
(1.65, -6.3, 0.0, NaN) - 14
(1.2, -3.7, 0.0, NaN) - 14
(1.2, -3.7, 0.0, NaN) - 14
(1.2, -3.7, 0.0, NaN) - 13
(1.2, -3.7, 0.0, NaN) - 13
(1.2, -3.7, 0.0, NaN) - 9
(1.85, -2.25, 0.0, NaN) - 12
(1.85, -2.25, 0.0, NaN) - 14
(1.85, -2.25, 0.0, NaN) - 13
(1.85, -2.25, 0.0, NaN) - 14
(1.85, -2.25, 0.0, NaN) - 12
(1.71, 1.81, 0.0, NaN) - 15
(1.71, 1.81, 0.0, NaN) - 14
(1.71, 1.81, 0.0, NaN) - 14
(1.71, 1.81, 0.0, NaN) - 13
(1.71, 1.81, 0.0, NaN) - 11
(2.02, 7.45, 0.0, NaN) - 13
(2.02, 7.45, 0.0, NaN) - 15
(2.02, 7.45, 0.0, NaN) - 10
(2.02, 7.45, 0.0, NaN) - 15
(2.02, 7.45, 0.0, NaN) - 14
(2.49, 7.6, 0.0, NaN) - 12
(2.49, 7.6, 0.0, NaN) - 10
(2.49, 7.6, 0.0, NaN) - 16
(2.49, 7.6, 0.0, NaN) - 6
(2.49, 7.6, 0.0, NaN) - 15
(1.52, 9.32, 0.0, NaN) - 13
(1.52, 9.32, 0.0, NaN) - 11
(1.52, 9.32, 0.0, NaN) - 13
(1.52, 9.32, 0.0, NaN) - 12
(1.52, 9.32, 0.0, NaN) - 10
(0.78, 10.94, 0.0, NaN) - 11
(0.78, 10.94, 0.0, NaN) - 9
(0.78, 10.94, 0.0, NaN) - 10
(0.78, 10.94, 0.0, NaN) - 12
(0.78, 10.94, 0.0, NaN) - 10
(1.39, 6.61, 0.0, NaN) - 14
(1.39, 6.61, 0.0, NaN) - 11
(1.39, 6.61, 0.0, NaN) - 12
(1.39, 6.61, 0.0, NaN) - 13
(1.39, 6.61, 0.0, NaN) - 10
(4.51, 7.63, 0.0, NaN) - 14
(4.51, 7.63, 0.0, NaN) - 15
(4.51, 7.63, 0.0, NaN) - 12
(4.51, 7.63, 0.0, NaN) - 13
(4.51, 7.63, 0.0, NaN) - 14
(6.0, 7.88, 0.0, NaN) - 9
(6.0, 7.88, 0.0, NaN) - 13
(6.0, 7.88, 0.0, NaN) - 12
(6.0, 7.88, 0.0, NaN) - 13
(6.0, 7.88, 0.0, NaN) - 13
(9.08, 7.24, 0.0, NaN) - 6
(9.08, 7.24, 0.0, NaN) - 12
(9.08, 7.24, 0.0, NaN) - 10
(9.08, 7.24, 0.0, NaN) - 11
(9.08, 7.24, 0.0, NaN) - 10
(10.62, 3.87, 0.0, NaN) - 13
(10.62, 3.87, 0.0, NaN) - 11
(10.62, 3.87, 0.0, NaN) - 12
(10.62, 3.87, 0.0, NaN) - 11
(10.62, 3.87, 0.0, NaN) - 12
(10.99, 7.19, 0.0, NaN) - 9
(10.99, 7.19, 0.0, NaN) - 12
(10.99, 7.19, 0.0, NaN) - 11
(10.99, 7.19, 0.0, NaN) - 10
(10.99, 7.19, 0.0, NaN) - 12
(11.76, 7.76, 0.0, NaN) - 10
(11.76, 7.76, 0.0, NaN) - 10
(11.76, 7.76, 0.0, NaN) - 13
(11.76, 7.76, 0.0, NaN) - 9
(11.76, 7.76, 0.0, NaN) - 12
(11.39, 5.0, 0.0, NaN) - 11
(11.39, 5.0, 0.0, NaN) - 8
(11.39, 5.0, 0.0, NaN) - 11
(11.39, 5.0, 0.0, NaN) - 9
(11.39, 5.0, 0.0, NaN) - 12
(12.95, 5.25, 0.0, NaN) - 7
(12.95, 5.25, 0.0, NaN) - 9
(12.95, 5.25, 0.0, NaN) - 8
(12.95, 5.25, 0.0, NaN) - 11
(12.95, 5.25, 0.0, NaN) - 14
(13.46, 7.85, 0.0, NaN) - 13
(13.46, 7.85, 0.0, NaN) - 11
(13.46, 7.85, 0.0, NaN) - 11
(13.46, 7.85, 0.0, NaN) - 9
(13.46, 7.85, 0.0, NaN) - 14
(14.98, 7.55, 0.0, NaN) - 10
(14.98, 7.55, 0.0, NaN) - 11
(14.98, 7.55, 0.0, NaN) - 10
(14.98, 7.55, 0.0, NaN) - 11
(14.98, 7.55, 0.0, NaN) - 10
(21.45, 6.62, 0.0, NaN) - 8
(21.45, 6.62, 0.0, NaN) - 8
(21.45, 6.62, 0.0, NaN) - 9
(21.45, 6.62, 0.0, NaN) - 8
(21.45, 6.62, 0.0, NaN) - 9
(21.84, 5.16, 0.0, NaN) - 9
(21.84, 5.16, 0.0, NaN) - 6
(21.84, 5.16, 0.0, NaN) - 6
(21.84, 5.16, 0.0, NaN) - 6
(21.84, 5.16, 0.0, NaN) - 7
(22.38, 3.94, 0.0, NaN) - 10
(22.38, 3.94, 0.0, NaN) - 7
(22.38, 3.94, 0.0, NaN) - 7
(22.38, 3.94, 0.0, NaN) - 8
(22.38, 3.94, 0.0, NaN) - 9
(22.3, 6.36, 0.0, NaN) - 8
(22.3, 6.36, 0.0, NaN) - 9
(22.3, 6.36, 0.0, NaN) - 10
(22.3, 6.36, 0.0, NaN) - 7
(22.3, 6.36, 0.0, NaN) - 5
(28.12, 7.57, 0.0, NaN) - 7
(28.12, 7.57, 0.0, NaN) - 7
(28.12, 7.57, 0.0, NaN) - 7
(28.12, 7.57, 0.0, NaN) - 8
(28.12, 7.57, 0.0, NaN) - 7
(31.78, 7.62, 0.0, NaN) - 9
(31.78, 7.62, 0.0, NaN) - 8
(31.78, 7.62, 0.0, NaN) - 7
(31.78, 7.62, 0.0, NaN) - 9
(31.78, 7.62, 0.0, NaN) - 8
(32.16, 7.08, 0.0, NaN) - 9
(32.16, 7.08, 0.0, NaN) - 7
(32.16, 7.08, 0.0, NaN) - 7
(32.16, 7.08, 0.0, NaN) - 7
(32.16, 7.08, 0.0, NaN) - 8
(32.68, 3.48, 0.0, NaN) - 9
(32.68, 3.48, 0.0, NaN) - 7
(32.68, 3.48, 0.0, NaN) - 8
(32.68, 3.48, 0.0, NaN) - 8
(32.68, 3.48, 0.0, NaN) - 8
(23.5, 4.22, 0.0, NaN) - 12
(23.5, 4.22, 0.0, NaN) - 8
(23.5, 4.22, 0.0, NaN) - 11
(23.5, 4.22, 0.0, NaN) - 10
(23.5, 4.22, 0.0, NaN) - 7
(25.23, 7.78, 0.0, NaN) - 10
(25.23, 7.78, 0.0, NaN) - 7
(25.23, 7.78, 0.0, NaN) - 9
(25.23, 7.78, 0.0, NaN) - 9
(25.23, 7.78, 0.0, NaN) - 5