(17.0, 8.0, 0.0, NaN) - 4
(17.0, 8.0, 0.0, NaN) - 5
(17.0, 8.0, 0.0, NaN) - 8
(17.0, 8.0, 0.0, NaN) - 7
(17.0, 8.0, 0.0, NaN) - 6
(17.0, 8.0, 0.0, NaN) - 2
(17.0, 8.0, 0.0, NaN) - 4
(17.0, 8.0, 0.0, NaN) - 7
(17.0, 8.0, 0.0, NaN) - 5
(17.0, 8.0, 0.0, NaN) - 4
(17.0, 8.0, 0.0, NaN) - 4
(17.0, 8.0, 0.0, NaN) - 4
(17.0, 8.0, 0.0, NaN) - 5
(17.0, 8.0, 0.0, NaN) - 5
(17.0, 8.0, 0.0, NaN) - 5
(17.0, 8.0, 0.0, NaN) - 5
(17.0, 8.0, 0.0, NaN) - 6
(17.0, 8.0, 0.0, NaN) - 6
(17.0, 8.0, 0.0, NaN) - 4
(17.0, 8.0, 0.0, NaN) - 6
(17.0, 8.0, 0.0, NaN) - 7
(17.0, 8.0, 0.0, NaN) - 6
(17.0, 8.0, 0.0, NaN) - 2
(17.0, 8.0, 0.0, NaN) - 5
(17.0, 8.0, 0.0, NaN) - 8
(2.0, -7.75, 0.0, NaN) - 5
(2.0, -7.75, 0.0, NaN) - 8
(2.0, -7.75, 0.0, NaN) - 6
(2.0, -7.75, 0.0, NaN) - 6
(2.0, -7.75, 0.0, NaN) - 6
(2.0, -7.75, 0.0, NaN) - 5
(2.0, -7.75, 0.0, NaN) - 7
(2.0, -7.75, 0.0, NaN) - 7
(2.0, -7.75, 0.0, NaN) - 7
(2.0, -7.75, 0.0, NaN) - 8
(2.0, -7.75, 0.0, NaN) - 7
(2.0, -7.75, 0.0, NaN) - 7
(2.0, -7.75, 0.0, NaN) - 8
(2.0, -7.75, 0.0, NaN) - 8
(2.0, -7.75, 0.0, NaN) - 8
(2.0, -7.75, 0.0, NaN) - 7
(2.0, -7.75, 0.0, NaN) - 6
(2.0, -7.75, 0.0, NaN) - 9
(2.0, -7.75, 0.0, NaN) - 7
(2.0, -7.75, 0.0, NaN) - 6
(2.0, -7.75, 0.0, NaN) - 5
(2.0, -7.75, 0.0, NaN) - 7
(2.0, -7.75, 0.0, NaN) - 8
(2.0, -7.75, 0.0, NaN) - 7
(2.0, -7.75, 0.0, NaN) - 6
(-2.5, -9.25, 0.0, NaN) - 5
(-2.5, -9.25, 0.0, NaN) - 6
(-2.5, -9.25, 0.0, NaN) - 5
(-2.5, -9.25, 0.0, NaN) - 5
(-2.5, -9.25, 0.0, NaN) - 5
(-2.5, -9.25, 0.0, NaN) - 6
(-2.5, -9.25, 0.0, NaN) - 6
(-2.5, -9.25, 0.0, NaN) - 5
(-2.5, -9.25, 0.0, NaN) - 6
(-2.5, -9.25, 0.0, NaN) - 6
(-2.5, -9.25, 0.0, NaN) - 5
(-2.5, -9.25, 0.0, NaN) - 6
(-2.5, -9.25, 0.0, NaN) - 6
(-2.5, -9.25, 0.0, NaN) - 6
(-2.5, -9.25, 0.0, NaN) - 5
(-2.5, -9.25, 0.0, NaN) - 5
(-2.5, -9.25, 0.0, NaN) - 5
(-2.5, -9.25, 0.0, NaN) - 6
(-2.5, -9.25, 0.0, NaN) - 5
(-2.5, -9.25, 0.0, NaN) - 4
(-2.5, -9.25, 0.0, NaN) - 5
(-2.5, -9.25, 0.0, NaN) - 5
(-2.5, -9.25, 0.0, NaN) - 6
(-2.5, -9.25, 0.0, NaN) - 6
(-2.5, -9.25, 0.0, NaN) - 4
(0.5, 8.0, 0.0, NaN) - 8
(0.5, 8.0, 0.0, NaN) - 8
(0.5, 8.0, 0.0, NaN) - 8
(0.5, 8.0, 0.0, NaN) - 8
(0.5, 8.0, 0.0, NaN) - 8
(0.5, 8.0, 0.0, NaN) - 7
(0.5, 8.0, 0.0, NaN) - 7
(0.5, 8.0, 0.0, NaN) - 10
(0.5, 8.0, 0.0, NaN) - 10
(0.5, 8.0, 0.0, NaN) - 8
(0.5, 8.0, 0.0, NaN) - 9
(0.5, 8.0, 0.0, NaN) - 10
(0.5, 8.0, 0.0, NaN) - 4
(0.5, 8.0, 0.0, NaN) - 8
(0.5, 8.0, 0.0, NaN) - 8
(0.5, 8.0, 0.0, NaN) - 8
(0.5, 8.0, 0.0, NaN) - 9
(0.5, 8.0, 0.0, NaN) - 8
(0.5, 8.0, 0.0, NaN) - 9
(0.5, 8.0, 0.0, NaN) - 10
(0.5, 8.0, 0.0, NaN) - 7
(0.5, 8.0, 0.0, NaN) - 7
(0.5, 8.0, 0.0, NaN) - 9
(0.5, 8.0, 0.0, NaN) - 10
(0.5, 8.0, 0.0, NaN) - 9
(29.0, 8.0, 0.0, NaN) - 5
(29.0, 8.0, 0.0, NaN) - 6
(29.0, 8.0, 0.0, NaN) - 5
(29.0, 8.0, 0.0, NaN) - 5
(29.0, 8.0, 0.0, NaN) - 5
(29.0, 8.0, 0.0, NaN) - 5
(29.0, 8.0, 0.0, NaN) - 5
(29.0, 8.0, 0.0, NaN) - 5
(29.0, 8.0, 0.0, NaN) - 2
(29.0, 8.0, 0.0, NaN) - 4
(29.0, 8.0, 0.0, NaN) - 5
(29.0, 8.0, 0.0, NaN) - 5
(29.0, 8.0, 0.0, NaN) - 4
(29.0, 8.0, 0.0, NaN) - 4
(29.0, 8.0, 0.0, NaN) - 4
(29.0, 8.0, 0.0, NaN) - 4
(29.0, 8.0, 0.0, NaN) - 5
(29.0, 8.0, 0.0, NaN) - 3
(29.0, 8.0, 0.0, NaN) - 5
(29.0, 8.0, 0.0, NaN) - 4
(29.0, 8.0, 0.0, NaN) - 3
(29.0, 8.0, 0.0, NaN) - 3
(29.0, 8.0, 0.0, NaN) - 4
(29.0, 8.0, 0.0, NaN) - 5
(29.0, 8.0, 0.0, NaN) - 5
(32.0, 6.5, 0.0, NaN) - 5
(32.0, 6.5, 0.0, NaN) - 3
(32.0, 6.5, 0.0, NaN) - 3
(32.0, 6.5, 0.0, NaN) - 5
(32.0, 6.5, 0.0, NaN) - 4
(32.0, 6.5, 0.0, NaN) - 4
(32.0, 6.5, 0.0, NaN) - 4
(32.0, 6.5, 0.0, NaN) - 6
(32.0, 6.5, 0.0, NaN) - 4
(32.0, 6.5, 0.0, NaN) - 5
(32.0, 6.5, 0.0, NaN) - 5
(32.0, 6.5, 0.0, NaN) - 4
(32.0, 6.5, 0.0, NaN) - 5
(32.0, 6.5, 0.0, NaN) - 5
(32.0, 6.5, 0.0, NaN) - 5
(32.0, 6.5, 0.0, NaN) - 3
(32.0, 6.5, 0.0, NaN) - 4
(32.0, 6.5, 0.0, NaN) - 5
(32.0, 6.5, 0.0, NaN) - 4
(32.0, 6.5, 0.0, NaN) - 3
(32.0, 6.5, 0.0, NaN) - 5
(32.0, 6.5, 0.0, NaN) - 4
(32.0, 6.5, 0.0, NaN) - 3
(32.0, 6.5, 0.0, NaN) - 4
(32.0, 6.5, 0.0, NaN) - 4
(0.5, -16.75, 0.0, NaN) - 8
(0.5, -16.75, 0.0, NaN) - 6
(0.5, -16.75, 0.0, NaN) - 6
(0.5, -16.75, 0.0, NaN) - 8
(0.5, -16.75, 0.0, NaN) - 6
(0.5, -16.75, 0.0, NaN) - 7
(0.5, -16.75, 0.0, NaN) - 4
(0.5, -16.75, 0.0, NaN) - 6
(0.5, -16.75, 0.0, NaN) - 7
(0.5, -16.75, 0.0, NaN) - 8
(0.5, -16.75, 0.0, NaN) - 7
(0.5, -16.75, 0.0, NaN) - 6
(0.5, -16.75, 0.0, NaN) - 7
(0.5, -16.75, 0.0, NaN) - 6
(0.5, -16.75, 0.0, NaN) - 7
(0.5, -16.75, 0.0, NaN) - 7
(0.5, -16.75, 0.0, NaN) - 8
(0.5, -16.75, 0.0, NaN) - 8
(0.5, -16.75, 0.0, NaN) - 7
(0.5, -16.75, 0.0, NaN) - 8
(0.5, -16.75, 0.0, NaN) - 8
(0.5, -16.75, 0.0, NaN) - 8
(0.5, -16.75, 0.0, NaN) - 6
(0.5, -16.75, 0.0, NaN) - 5
(0.5, -16.75, 0.0, NaN) - 7
(-19.0, -9.25, 0.0, NaN) - 5
(-19.0, -9.25, 0.0, NaN) - 5
(-19.0, -9.25, 0.0, NaN) - 5
(-19.0, -9.25, 0.0, NaN) - 6
(-19.0, -9.25, 0.0, NaN) - 6
(-19.0, -9.25, 0.0, NaN) - 4
(-19.0, -9.25, 0.0, NaN) - 6
(-19.0, -9.25, 0.0, NaN) - 5
(-19.0, -9.25, 0.0, NaN) - 6
(-19.0, -9.25, 0.0, NaN) - 5
(-19.0, -9.25, 0.0, NaN) - 4
(-19.0, -9.25, 0.0, NaN) - 5
(-19.0, -9.25, 0.0, NaN) - 5
(-19.0, -9.25, 0.0, NaN) - 5
(-19.0, -9.25, 0.0, NaN) - 6
(-19.0, -9.25, 0.0, NaN) - 5
(-19.0, -9.25, 0.0, NaN) - 6
(-19.0, -9.25, 0.0, NaN) - 4
(-19.0, -9.25, 0.0, NaN) - 5
(-19.0, -9.25, 0.0, NaN) - 5
(-19.0, -9.25, 0.0, NaN) - 4
(-19.0, -9.25, 0.0, NaN) - 6
(-19.0, -9.25, 0.0, NaN) - 5
(-19.0, -9.25, 0.0, NaN) - 5
(-19.0, -9.25, 0.0, NaN) - 6
(12.5, 8.0, 0.0, NaN) - 7
(12.5, 8.0, 0.0, NaN) - 5
(12.5, 8.0, 0.0, NaN) - 7
(12.5, 8.0, 0.0, NaN) - 6
(12.5, 8.0, 0.0, NaN) - 5
(12.5, 8.0, 0.0, NaN) - 7
(12.5, 8.0, 0.0, NaN) - 8
(12.5, 8.0, 0.0, NaN) - 3
(12.5, 8.0, 0.0, NaN) - 6
(12.5, 8.0, 0.0, NaN) - 8
(12.5, 8.0, 0.0, NaN) - 6
(12.5, 8.0, 0.0, NaN) - 5
(12.5, 8.0, 0.0, NaN) - 6
(12.5, 8.0, 0.0, NaN) - 5
(12.5, 8.0, 0.0, NaN) - 5
(12.5, 8.0, 0.0, NaN) - 5
(12.5, 8.0, 0.0, NaN) - 8
(12.5, 8.0, 0.0, NaN) - 7
(12.5, 8.0, 0.0, NaN) - 8
(12.5, 8.0, 0.0, NaN) - 5
(12.5, 8.0, 0.0, NaN) - 7
(12.5, 8.0, 0.0, NaN) - 5
(12.5, 8.0, 0.0, NaN) - 4
(12.5, 8.0, 0.0, NaN) - 7
(12.5, 8.0, 0.0, NaN) - 7
(11.0, 3.5, 0.0, NaN) - 7
(11.0, 3.5, 0.0, NaN) - 7
(11.0, 3.5, 0.0, NaN) - 6
(11.0, 3.5, 0.0, NaN) - 5
(11.0, 3.5, 0.0, NaN) - 6
(11.0, 3.5, 0.0, NaN) - 6
(11.0, 3.5, 0.0, NaN) - 7
(11.0, 3.5, 0.0, NaN) - 6
(11.0, 3.5, 0.0, NaN) - 6
(11.0, 3.5, 0.0, NaN) - 7
(11.0, 3.5, 0.0, NaN) - 7
(11.0, 3.5, 0.0, NaN) - 7
(11.0, 3.5, 0.0, NaN) - 6
(11.0, 3.5, 0.0, NaN) - 6
(11.0, 3.5, 0.0, NaN) - 3
(11.0, 3.5, 0.0, NaN) - 8
(11.0, 3.5, 0.0, NaN) - 7
(11.0, 3.5, 0.0, NaN) - 6
(11.0, 3.5, 0.0, NaN) - 5
(11.0, 3.5, 0.0, NaN) - 5
(11.0, 3.5, 0.0, NaN) - 7
(11.0, 3.5, 0.0, NaN) - 4
(11.0, 3.5, 0.0, NaN) - 6
(11.0, 3.5, 0.0, NaN) - 8
(11.0, 3.5, 0.0, NaN) - 7
(2.0, 9.5, 0.0, NaN) - 9
(2.0, 9.5, 0.0, NaN) - 7
(2.0, 9.5, 0.0, NaN) - 6
(2.0, 9.5, 0.0, NaN) - 8
(2.0, 9.5, 0.0, NaN) - 6
(2.0, 9.5, 0.0, NaN) - 8
(2.0, 9.5, 0.0, NaN) - 7
(2.0, 9.5, 0.0, NaN) - 8
(2.0, 9.5, 0.0, NaN) - 9
(2.0, 9.5, 0.0, NaN) - 9
(2.0, 9.5, 0.0, NaN) - 7
(2.0, 9.5, 0.0, NaN) - 8
(2.0, 9.5, 0.0, NaN) - 7
(2.0, 9.5, 0.0, NaN) - 7
(2.0, 9.5, 0.0, NaN) - 9
(2.0, 9.5, 0.0, NaN) - 7
(2.0, 9.5, 0.0, NaN) - 8
(2.0, 9.5, 0.0, NaN) - 6
(2.0, 9.5, 0.0, NaN) - 9
(2.0, 9.5, 0.0, NaN) - 8
(2.0, 9.5, 0.0, NaN) - 9
(2.0, 9.5, 0.0, NaN) - 8
(2.0, 9.5, 0.0, NaN) - 7
(2.0, 9.5, 0.0, NaN) - 6
(2.0, 9.5, 0.0, NaN) - 8
(-7.0, -9.25, 0.0, NaN) - 5
(-7.0, -9.25, 0.0, NaN) - 6
(-7.0, -9.25, 0.0, NaN) - 5
(-7.0, -9.25, 0.0, NaN) - 4
(-7.0, -9.25, 0.0, NaN) - 6
(-7.0, -9.25, 0.0, NaN) - 6
(-7.0, -9.25, 0.0, NaN) - 6
(-7.0, -9.25, 0.0, NaN) - 5
(-7.0, -9.25, 0.0, NaN) - 5
(-7.0, -9.25, 0.0, NaN) - 5
(-7.0, -9.25, 0.0, NaN) - 6
(-7.0, -9.25, 0.0, NaN) - 5
(-7.0, -9.25, 0.0, NaN) - 4
(-7.0, -9.25, 0.0, NaN) - 5
(-7.0, -9.25, 0.0, NaN) - 6
(-7.0, -9.25, 0.0, NaN) - 6
(-7.0, -9.25, 0.0, NaN) - 6
(-7.0, -9.25, 0.0, NaN) - 6
(-7.0, -9.25, 0.0, NaN) - 5
(-7.0, -9.25, 0.0, NaN) - 6
(-7.0, -9.25, 0.0, NaN) - 6
(-7.0, -9.25, 0.0, NaN) - 6
(-7.0, -9.25, 0.0, NaN) - 4
(-7.0, -9.25, 0.0, NaN) - 5
(-7.0, -9.25, 0.0, NaN) - 5
(2.0, -16.75, 0.0, NaN) - 6
(2.0, -16.75, 0.0, NaN) - 5
(2.0, -16.75, 0.0, NaN) - 6
(2.0, -16.75, 0.0, NaN) - 5
(2.0, -16.75, 0.0, NaN) - 5
(2.0, -16.75, 0.0, NaN) - 7
(2.0, -16.75, 0.0, NaN) - 6
(2.0, -16.75, 0.0, NaN) - 6
(2.0, -16.75, 0.0, NaN) - 6
(2.0, -16.75, 0.0, NaN) - 7
(2.0, -16.75, 0.0, NaN) - 6
(2.0, -16.75, 0.0, NaN) - 6
(2.0, -16.75, 0.0, NaN) - 6
(2.0, -16.75, 0.0, NaN) - 8
(2.0, -16.75, 0.0, NaN) - 6
(2.0, -16.75, 0.0, NaN) - 5
(2.0, -16.75, 0.0, NaN) - 7
(2.0, -16.75, 0.0, NaN) - 5
(2.0, -16.75, 0.0, NaN) - 6
(2.0, -16.75, 0.0, NaN) - 6
(2.0, -16.75, 0.0, NaN) - 6
(2.0, -16.75, 0.0, NaN) - 7
(2.0, -16.75, 0.0, NaN) - 6
(2.0, -16.75, 0.0, NaN) - 6
(2.0, -16.75, 0.0, NaN) - 5
(24.5, 8.0, 0.0, NaN) - 4
(24.5, 8.0, 0.0, NaN) - 5
(24.5, 8.0, 0.0, NaN) - 4
(24.5, 8.0, 0.0, NaN) - 3
(24.5, 8.0, 0.0, NaN) - 6
(24.5, 8.0, 0.0, NaN) - 2
(24.5, 8.0, 0.0, NaN) - 6
(24.5, 8.0, 0.0, NaN) - 5
(24.5, 8.0, 0.0, NaN) - 5
(24.5, 8.0, 0.0, NaN) - 4
(24.5, 8.0, 0.0, NaN) - 5
(24.5, 8.0, 0.0, NaN) - 4
(24.5, 8.0, 0.0, NaN) - 4
(24.5, 8.0, 0.0, NaN) - 5
(24.5, 8.0, 0.0, NaN) - 4
(24.5, 8.0, 0.0, NaN) - 4
(24.5, 8.0, 0.0, NaN) - 6
(24.5, 8.0, 0.0, NaN) - 5
(24.5, 8.0, 0.0, NaN) - 3
(24.5, 8.0, 0.0, NaN) - 5
(24.5, 8.0, 0.0, NaN) - 5
(24.5, 8.0, 0.0, NaN) - 4
(24.5, 8.0, 0.0, NaN) - 5
(24.5, 8.0, 0.0, NaN) - 4
(24.5, 8.0, 0.0, NaN) - 5
(-14.5, -10.75, 0.0, NaN) - 5
(-14.5, -10.75, 0.0, NaN) - 3
(-14.5, -10.75, 0.0, NaN) - 5
(-14.5, -10.75, 0.0, NaN) - 5
(-14.5, -10.75, 0.0, NaN) - 6
(-14.5, -10.75, 0.0, NaN) - 5
(-14.5, -10.75, 0.0, NaN) - 5
(-14.5, -10.75, 0.0, NaN) - 4
(-14.5, -10.75, 0.0, NaN) - 3
(-14.5, -10.75, 0.0, NaN) - 6
(-14.5, -10.75, 0.0, NaN) - 6
(-14.5, -10.75, 0.0, NaN) - 5
(-14.5, -10.75, 0.0, NaN) - 4
(-14.5, -10.75, 0.0, NaN) - 4
(-14.5, -10.75, 0.0, NaN) - 5
(-14.5, -10.75, 0.0, NaN) - 3
(-14.5, -10.75, 0.0, NaN) - 6
(-14.5, -10.75, 0.0, NaN) - 6
(-14.5, -10.75, 0.0, NaN) - 6
(-14.5, -10.75, 0.0, NaN) - 6
(-14.5, -10.75, 0.0, NaN) - 6
(-14.5, -10.75, 0.0, NaN) - 5
(-14.5, -10.75, 0.0, NaN) - 6
(-14.5, -10.75, 0.0, NaN) - 4
(-14.5, -10.75, 0.0, NaN) - 5
(23.0, 3.5, 0.0, NaN) - 3
(23.0, 3.5, 0.0, NaN) - 5
(23.0, 3.5, 0.0, NaN) - 5
(23.0, 3.5, 0.0, NaN) - 5
(23.0, 3.5, 0.0, NaN) - 5
(23.0, 3.5, 0.0, NaN) - 4
(23.0, 3.5, 0.0, NaN) - 5
(23.0, 3.5, 0.0, NaN) - 3
(23.0, 3.5, 0.0, NaN) - 4
(23.0, 3.5, 0.0, NaN) - 4
(23.0, 3.5, 0.0, NaN) - 5
(23.0, 3.5, 0.0, NaN) - 4
(23.0, 3.5, 0.0, NaN) - 7
(23.0, 3.5, 0.0, NaN) - 5
(23.0, 3.5, 0.0, NaN) - 6
(23.0, 3.5, 0.0, NaN) - 4
(23.0, 3.5, 0.0, NaN) - 4
(23.0, 3.5, 0.0, NaN) - 4
(23.0, 3.5, 0.0, NaN) - 4
(23.0, 3.5, 0.0, NaN) - 5
(23.0, 3.5, 0.0, NaN) - 4
(23.0, 3.5, 0.0, NaN) - 4
(23.0, 3.5, 0.0, NaN) - 4
(23.0, 3.5, 0.0, NaN) - 7
(23.0, 3.5, 0.0, NaN) - 3
(-2.5, -10.75, 0.0, NaN) - 6
(-2.5, -10.75, 0.0, NaN) - 7
(-2.5, -10.75, 0.0, NaN) - 6
(-2.5, -10.75, 0.0, NaN) - 6
(-2.5, -10.75, 0.0, NaN) - 7
(-2.5, -10.75, 0.0, NaN) - 5
(-2.5, -10.75, 0.0, NaN) - 5
(-2.5, -10.75, 0.0, NaN) - 5
(-2.5, -10.75, 0.0, NaN) - 6
(-2.5, -10.75, 0.0, NaN) - 5
(-2.5, -10.75, 0.0, NaN) - 4
(-2.5, -10.75, 0.0, NaN) - 7
(-2.5, -10.75, 0.0, NaN) - 6
(-2.5, -10.75, 0.0, NaN) - 6
(-2.5, -10.75, 0.0, NaN) - 6
(-2.5, -10.75, 0.0, NaN) - 6
(-2.5, -10.75, 0.0, NaN) - 6
(-2.5, -10.75, 0.0, NaN) - 6
(-2.5, -10.75, 0.0, NaN) - 7
(-2.5, -10.75, 0.0, NaN) - 4
(-2.5, -10.75, 0.0, NaN) - 7
(-2.5, -10.75, 0.0, NaN) - 5
(-2.5, -10.75, 0.0, NaN) - 6
(-2.5, -10.75, 0.0, NaN) - 4
(-2.5, -10.75, 0.0, NaN) - 7
(6.5, 3.5, 0.0, NaN) - 7
(6.5, 3.5, 0.0, NaN) - 9
(6.5, 3.5, 0.0, NaN) - 9
(6.5, 3.5, 0.0, NaN) - 8
(6.5, 3.5, 0.0, NaN) - 8
(6.5, 3.5, 0.0, NaN) - 10
(6.5, 3.5, 0.0, NaN) - 8
(6.5, 3.5, 0.0, NaN) - 7
(6.5, 3.5, 0.0, NaN) - 6
(6.5, 3.5, 0.0, NaN) - 8
(6.5, 3.5, 0.0, NaN) - 8
(6.5, 3.5, 0.0, NaN) - 9
(6.5, 3.5, 0.0, NaN) - 7
(6.5, 3.5, 0.0, NaN) - 9
(6.5, 3.5, 0.0, NaN) - 6
(6.5, 3.5, 0.0, NaN) - 10
(6.5, 3.5, 0.0, NaN) - 8
(6.5, 3.5, 0.0, NaN) - 7
(6.5, 3.5, 0.0, NaN) - 5
(6.5, 3.5, 0.0, NaN) - 8
(6.5, 3.5, 0.0, NaN) - 10
(6.5, 3.5, 0.0, NaN) - 10
(6.5, 3.5, 0.0, NaN) - 8
(6.5, 3.5, 0.0, NaN) - 8
(6.5, 3.5, 0.0, NaN) - 7
(32.0, 5.0, 0.0, NaN) - 2
(32.0, 5.0, 0.0, NaN) - 5
(32.0, 5.0, 0.0, NaN) - 4
(32.0, 5.0, 0.0, NaN) - 4
(32.0, 5.0, 0.0, NaN) - 4
(32.0, 5.0, 0.0, NaN) - 5
(32.0, 5.0, 0.0, NaN) - 4
(32.0, 5.0, 0.0, NaN) - 4
(32.0, 5.0, 0.0, NaN) - 4
(32.0, 5.0, 0.0, NaN) - 5
(32.0, 5.0, 0.0, NaN) - 3
(32.0, 5.0, 0.0, NaN) - 4
(32.0, 5.0, 0.0, NaN) - 4
(32.0, 5.0, 0.0, NaN) - 3
(32.0, 5.0, 0.0, NaN) - 3
(32.0, 5.0, 0.0, NaN) - 4
(32.0, 5.0, 0.0, NaN) - 5
(32.0, 5.0, 0.0, NaN) - 5
(32.0, 5.0, 0.0, NaN) - 4
(32.0, 5.0, 0.0, NaN) - 3
(32.0, 5.0, 0.0, NaN) - 4
(32.0, 5.0, 0.0, NaN) - 4
(32.0, 5.0, 0.0, NaN) - 5
(32.0, 5.0, 0.0, NaN) - 4
(32.0, 5.0, 0.0, NaN) - 4
(2.0, 0.5, 0.0, NaN) - 8
(2.0, 0.5, 0.0, NaN) - 9
(2.0, 0.5, 0.0, NaN) - 8
(2.0, 0.5, 0.0, NaN) - 9
(2.0, 0.5, 0.0, NaN) - 7
(2.0, 0.5, 0.0, NaN) - 9
(2.0, 0.5, 0.0, NaN) - 8
(2.0, 0.5, 0.0, NaN) - 8
(2.0, 0.5, 0.0, NaN) - 4
(2.0, 0.5, 0.0, NaN) - 5
(2.0, 0.5, 0.0, NaN) - 9
(2.0, 0.5, 0.0, NaN) - 8
(2.0, 0.5, 0.0, NaN) - 8
(2.0, 0.5, 0.0, NaN) - 7
(2.0, 0.5, 0.0, NaN) - 8
(2.0, 0.5, 0.0, NaN) - 7
(2.0, 0.5, 0.0, NaN) - 8
(2.0, 0.5, 0.0, NaN) - 7
(2.0, 0.5, 0.0, NaN) - 8
(2.0, 0.5, 0.0, NaN) - 9
(2.0, 0.5, 0.0, NaN) - 7
(2.0, 0.5, 0.0, NaN) - 6
(2.0, 0.5, 0.0, NaN) - 9
(2.0, 0.5, 0.0, NaN) - 6
(2.0, 0.5, 0.0, NaN) - 8
(-19.0, -10.75, 0.0, NaN) - 6
(-19.0, -10.75, 0.0, NaN) - 6
(-19.0, -10.75, 0.0, NaN) - 6
(-19.0, -10.75, 0.0, NaN) - 6
(-19.0, -10.75, 0.0, NaN) - 6
(-19.0, -10.75, 0.0, NaN) - 5
(-19.0, -10.75, 0.0, NaN) - 6
(-19.0, -10.75, 0.0, NaN) - 3
(-19.0, -10.75, 0.0, NaN) - 6
(-19.0, -10.75, 0.0, NaN) - 5
(-19.0, -10.75, 0.0, NaN) - 6
(-19.0, -10.75, 0.0, NaN) - 6
(-19.0, -10.75, 0.0, NaN) - 6
(-19.0, -10.75, 0.0, NaN) - 6
(-19.0, -10.75, 0.0, NaN) - 6
(-19.0, -10.75, 0.0, NaN) - 5
(-19.0, -10.75, 0.0, NaN) - 5
(-19.0, -10.75, 0.0, NaN) - 5
(-19.0, -10.75, 0.0, NaN) - 6
(-19.0, -10.75, 0.0, NaN) - 4
(-19.0, -10.75, 0.0, NaN) - 6
(-19.0, -10.75, 0.0, NaN) - 6
(-19.0, -10.75, 0.0, NaN) - 6
(-19.0, -10.75, 0.0, NaN) - 5
(-19.0, -10.75, 0.0, NaN) - 5
(18.5, 3.5, 0.0, NaN) - 6
(18.5, 3.5, 0.0, NaN) - 5
(18.5, 3.5, 0.0, NaN) - 7
(18.5, 3.5, 0.0, NaN) - 5
(18.5, 3.5, 0.0, NaN) - 5
(18.5, 3.5, 0.0, NaN) - 6
(18.5, 3.5, 0.0, NaN) - 5
(18.5, 3.5, 0.0, NaN) - 6
(18.5, 3.5, 0.0, NaN) - 3
(18.5, 3.5, 0.0, NaN) - 5
(18.5, 3.5, 0.0, NaN) - 7
(18.5, 3.5, 0.0, NaN) - 6
(18.5, 3.5, 0.0, NaN) - 6
(18.5, 3.5, 0.0, NaN) - 7
(18.5, 3.5, 0.0, NaN) - 6
(18.5, 3.5, 0.0, NaN) - 5
(18.5, 3.5, 0.0, NaN) - 6
(18.5, 3.5, 0.0, NaN) - 5
(18.5, 3.5, 0.0, NaN) - 7
(18.5, 3.5, 0.0, NaN) - 5
(18.5, 3.5, 0.0, NaN) - 6
(18.5, 3.5, 0.0, NaN) - 5
(18.5, 3.5, 0.0, NaN) - 5
(18.5, 3.5, 0.0, NaN) - 6
(18.5, 3.5, 0.0, NaN) - 7
(0.5, -9.25, 0.0, NaN) - 7
(0.5, -9.25, 0.0, NaN) - 5
(0.5, -9.25, 0.0, NaN) - 8
(0.5, -9.25, 0.0, NaN) - 7
(0.5, -9.25, 0.0, NaN) - 6
(0.5, -9.25, 0.0, NaN) - 6
(0.5, -9.25, 0.0, NaN) - 7
(0.5, -9.25, 0.0, NaN) - 8
(0.5, -9.25, 0.0, NaN) - 9
(0.5, -9.25, 0.0, NaN) - 9
(0.5, -9.25, 0.0, NaN) - 7
(0.5, -9.25, 0.0, NaN) - 6
(0.5, -9.25, 0.0, NaN) - 9
(0.5, -9.25, 0.0, NaN) - 7
(0.5, -9.25, 0.0, NaN) - 8
(0.5, -9.25, 0.0, NaN) - 7
(0.5, -9.25, 0.0, NaN) - 7
(0.5, -9.25, 0.0, NaN) - 8
(0.5, -9.25, 0.0, NaN) - 8
(0.5, -9.25, 0.0, NaN) - 7
(0.5, -9.25, 0.0, NaN) - 8
(0.5, -9.25, 0.0, NaN) - 6
(0.5, -9.25, 0.0, NaN) - 7
(0.5, -9.25, 0.0, NaN) - 8
(0.5, -9.25, 0.0, NaN) - 8
(2.0, 8.0, 0.0, NaN) - 7
(2.0, 8.0, 0.0, NaN) - 8
(2.0, 8.0, 0.0, NaN) - 10
(2.0, 8.0, 0.0, NaN) - 8
(2.0, 8.0, 0.0, NaN) - 10
(2.0, 8.0, 0.0, NaN) - 9
(2.0, 8.0, 0.0, NaN) - 10
(2.0, 8.0, 0.0, NaN) - 4
(2.0, 8.0, 0.0, NaN) - 10
(2.0, 8.0, 0.0, NaN) - 6
(2.0, 8.0, 0.0, NaN) - 8
(2.0, 8.0, 0.0, NaN) - 7
(2.0, 8.0, 0.0, NaN) - 8
(2.0, 8.0, 0.0, NaN) - 10
(2.0, 8.0, 0.0, NaN) - 6
(2.0, 8.0, 0.0, NaN) - 8
(2.0, 8.0, 0.0, NaN) - 7
(2.0, 8.0, 0.0, NaN) - 10
(2.0, 8.0, 0.0, NaN) - 6
(2.0, 8.0, 0.0, NaN) - 8
(2.0, 8.0, 0.0, NaN) - 9
(2.0, 8.0, 0.0, NaN) - 7
(2.0, 8.0, 0.0, NaN) - 7
(2.0, 8.0, 0.0, NaN) - 9
(2.0, 8.0, 0.0, NaN) - 8
(-7.0, -10.75, 0.0, NaN) - 6
(-7.0, -10.75, 0.0, NaN) - 5
(-7.0, -10.75, 0.0, NaN) - 6
(-7.0, -10.75, 0.0, NaN) - 5
(-7.0, -10.75, 0.0, NaN) - 6
(-7.0, -10.75, 0.0, NaN) - 5
(-7.0, -10.75, 0.0, NaN) - 6
(-7.0, -10.75, 0.0, NaN) - 5
(-7.0, -10.75, 0.0, NaN) - 6
(-7.0, -10.75, 0.0, NaN) - 4
(-7.0, -10.75, 0.0, NaN) - 6
(-7.0, -10.75, 0.0, NaN) - 5
(-7.0, -10.75, 0.0, NaN) - 5
(-7.0, -10.75, 0.0, NaN) - 5
(-7.0, -10.75, 0.0, NaN) - 6
(-7.0, -10.75, 0.0, NaN) - 6
(-7.0, -10.75, 0.0, NaN) - 6
(-7.0, -10.75, 0.0, NaN) - 5
(-7.0, -10.75, 0.0, NaN) - 5
(-7.0, -10.75, 0.0, NaN) - 4
(-7.0, -10.75, 0.0, NaN) - 5
(-7.0, -10.75, 0.0, NaN) - 6
(-7.0, -10.75, 0.0, NaN) - 6
(-7.0, -10.75, 0.0, NaN) - 6
(-7.0, -10.75, 0.0, NaN) - 6
(30.5, 3.5, 0.0, NaN) - 5
(30.5, 3.5, 0.0, NaN) - 5
(30.5, 3.5, 0.0, NaN) - 5
(30.5, 3.5, 0.0, NaN) - 5
(30.5, 3.5, 0.0, NaN) - 5
(30.5, 3.5, 0.0, NaN) - 5
(30.5, 3.5, 0.0, NaN) - 6
(30.5, 3.5, 0.0, NaN) - 4
(30.5, 3.5, 0.0, NaN) - 3
(30.5, 3.5, 0.0, NaN) - 5
(30.5, 3.5, 0.0, NaN) - 4
(30.5, 3.5, 0.0, NaN) - 2
(30.5, 3.5, 0.0, NaN) - 4
(30.5, 3.5, 0.0, NaN) - 4
(30.5, 3.5, 0.0, NaN) - 1
(30.5, 3.5, 0.0, NaN) - 4
(30.5, 3.5, 0.0, NaN) - 3
(30.5, 3.5, 0.0, NaN) - 6
(30.5, 3.5, 0.0, NaN) - 5
(30.5, 3.5, 0.0, NaN) - 7
(30.5, 3.5, 0.0, NaN) - 5
(30.5, 3.5, 0.0, NaN) - 6
(30.5, 3.5, 0.0, NaN) - 4
(30.5, 3.5, 0.0, NaN) - 5
(30.5, 3.5, 0.0, NaN) - 5
(-17.5, -9.25, 0.0, NaN) - 4
(-17.5, -9.25, 0.0, NaN) - 6
(-17.5, -9.25, 0.0, NaN) - 5
(-17.5, -9.25, 0.0, NaN) - 5
(-17.5, -9.25, 0.0, NaN) - 6
(-17.5, -9.25, 0.0, NaN) - 5
(-17.5, -9.25, 0.0, NaN) - 5
(-17.5, -9.25, 0.0, NaN) - 5
(-17.5, -9.25, 0.0, NaN) - 4
(-17.5, -9.25, 0.0, NaN) - 6
(-17.5, -9.25, 0.0, NaN) - 5
(-17.5, -9.25, 0.0, NaN) - 6
(-17.5, -9.25, 0.0, NaN) - 5
(-17.5, -9.25, 0.0, NaN) - 6
(-17.5, -9.25, 0.0, NaN) - 5
(-17.5, -9.25, 0.0, NaN) - 4
(-17.5, -9.25, 0.0, NaN) - 4
(-17.5, -9.25, 0.0, NaN) - 5
(-17.5, -9.25, 0.0, NaN) - 6
(-17.5, -9.25, 0.0, NaN) - 5
(-17.5, -9.25, 0.0, NaN) - 6
(-17.5, -9.25, 0.0, NaN) - 6
(-17.5, -9.25, 0.0, NaN) - 6
(-17.5, -9.25, 0.0, NaN) - 5
(-17.5, -9.25, 0.0, NaN) - 6
(0.5, -1.75, 0.0, NaN) - 8
(0.5, -1.75, 0.0, NaN) - 9
(0.5, -1.75, 0.0, NaN) - 7
(0.5, -1.75, 0.0, NaN) - 7
(0.5, -1.75, 0.0, NaN) - 6
(0.5, -1.75, 0.0, NaN) - 6
(0.5, -1.75, 0.0, NaN) - 7
(0.5, -1.75, 0.0, NaN) - 7
(0.5, -1.75, 0.0, NaN) - 8
(0.5, -1.75, 0.0, NaN) - 8
(0.5, -1.75, 0.0, NaN) - 9
(0.5, -1.75, 0.0, NaN) - 8
(0.5, -1.75, 0.0, NaN) - 7
(0.5, -1.75, 0.0, NaN) - 8
(0.5, -1.75, 0.0, NaN) - 7
(0.5, -1.75, 0.0, NaN) - 6
(0.5, -1.75, 0.0, NaN) - 8
(0.5, -1.75, 0.0, NaN) - 6
(0.5, -1.75, 0.0, NaN) - 9
(0.5, -1.75, 0.0, NaN) - 7
(0.5, -1.75, 0.0, NaN) - 8
(0.5, -1.75, 0.0, NaN) - 8
(0.5, -1.75, 0.0, NaN) - 6
(0.5, -1.75, 0.0, NaN) - 7
(0.5, -1.75, 0.0, NaN) - 8
(14.0, 8.0, 0.0, NaN) - 5
(14.0, 8.0, 0.0, NaN) - 8
(14.0, 8.0, 0.0, NaN) - 6
(14.0, 8.0, 0.0, NaN) - 8
(14.0, 8.0, 0.0, NaN) - 7
(14.0, 8.0, 0.0, NaN) - 5
(14.0, 8.0, 0.0, NaN) - 5
(14.0, 8.0, 0.0, NaN) - 6
(14.0, 8.0, 0.0, NaN) - 6
(14.0, 8.0, 0.0, NaN) - 5
(14.0, 8.0, 0.0, NaN) - 4
(14.0, 8.0, 0.0, NaN) - 8
(14.0, 8.0, 0.0, NaN) - 7
(14.0, 8.0, 0.0, NaN) - 8
(14.0, 8.0, 0.0, NaN) - 9
(14.0, 8.0, 0.0, NaN) - 7
(14.0, 8.0, 0.0, NaN) - 7
(14.0, 8.0, 0.0, NaN) - 9
(14.0, 8.0, 0.0, NaN) - 7
(14.0, 8.0, 0.0, NaN) - 7
(14.0, 8.0, 0.0, NaN) - 6
(14.0, 8.0, 0.0, NaN) - 8
(14.0, 8.0, 0.0, NaN) - 8
(14.0, 8.0, 0.0, NaN) - 7
(14.0, 8.0, 0.0, NaN) - 6
(2.0, -9.25, 0.0, NaN) - 6
(2.0, -9.25, 0.0, NaN) - 7
(2.0, -9.25, 0.0, NaN) - 6
(2.0, -9.25, 0.0, NaN) - 6
(2.0, -9.25, 0.0, NaN) - 7
(2.0, -9.25, 0.0, NaN) - 7
(2.0, -9.25, 0.0, NaN) - 5
(2.0, -9.25, 0.0, NaN) - 6
(2.0, -9.25, 0.0, NaN) - 7
(2.0, -9.25, 0.0, NaN) - 6
(2.0, -9.25, 0.0, NaN) - 7
(2.0, -9.25, 0.0, NaN) - 6
(2.0, -9.25, 0.0, NaN) - 7
(2.0, -9.25, 0.0, NaN) - 4
(2.0, -9.25, 0.0, NaN) - 6
(2.0, -9.25, 0.0, NaN) - 8
(2.0, -9.25, 0.0, NaN) - 3
(2.0, -9.25, 0.0, NaN) - 6
(2.0, -9.25, 0.0, NaN) - 8
(2.0, -9.25, 0.0, NaN) - 5
(2.0, -9.25, 0.0, NaN) - 7
(2.0, -9.25, 0.0, NaN) - 8
(2.0, -9.25, 0.0, NaN) - 6
(2.0, -9.25, 0.0, NaN) - 6
(2.0, -9.25, 0.0, NaN) - 9
(-5.5, -9.25, 0.0, NaN) - 5
(-5.5, -9.25, 0.0, NaN) - 4
(-5.5, -9.25, 0.0, NaN) - 4
(-5.5, -9.25, 0.0, NaN) - 6
(-5.5, -9.25, 0.0, NaN) - 6
(-5.5, -9.25, 0.0, NaN) - 5
(-5.5, -9.25, 0.0, NaN) - 6
(-5.5, -9.25, 0.0, NaN) - 4
(-5.5, -9.25, 0.0, NaN) - 6
(-5.5, -9.25, 0.0, NaN) - 5
(-5.5, -9.25, 0.0, NaN) - 6
(-5.5, -9.25, 0.0, NaN) - 5
(-5.5, -9.25, 0.0, NaN) - 5
(-5.5, -9.25, 0.0, NaN) - 6
(-5.5, -9.25, 0.0, NaN) - 5
(-5.5, -9.25, 0.0, NaN) - 6
(-5.5, -9.25, 0.0, NaN) - 6
(-5.5, -9.25, 0.0, NaN) - 6
(-5.5, -9.25, 0.0, NaN) - 5
(-5.5, -9.25, 0.0, NaN) - 6
(-5.5, -9.25, 0.0, NaN) - 5
(-5.5, -9.25, 0.0, NaN) - 6
(-5.5, -9.25, 0.0, NaN) - 6
(-5.5, -9.25, 0.0, NaN) - 3
(-5.5, -9.25, 0.0, NaN) - 6
(0.5, 6.5, 0.0, NaN) - 8
(0.5, 6.5, 0.0, NaN) - 9
(0.5, 6.5, 0.0, NaN) - 10
(0.5, 6.5, 0.0, NaN) - 9
(0.5, 6.5, 0.0, NaN) - 8
(0.5, 6.5, 0.0, NaN) - 9
(0.5, 6.5, 0.0, NaN) - 7
(0.5, 6.5, 0.0, NaN) - 10
(0.5, 6.5, 0.0, NaN) - 8
(0.5, 6.5, 0.0, NaN) - 8
(0.5, 6.5, 0.0, NaN) - 9
(0.5, 6.5, 0.0, NaN) - 10
(0.5, 6.5, 0.0, NaN) - 8
(0.5, 6.5, 0.0, NaN) - 7
(0.5, 6.5, 0.0, NaN) - 9
(0.5, 6.5, 0.0, NaN) - 10
(0.5, 6.5, 0.0, NaN) - 8
(0.5, 6.5, 0.0, NaN) - 9
(0.5, 6.5, 0.0, NaN) - 10
(0.5, 6.5, 0.0, NaN) - 8
(0.5, 6.5, 0.0, NaN) - 8
(0.5, 6.5, 0.0, NaN) - 8
(0.5, 6.5, 0.0, NaN) - 8
(0.5, 6.5, 0.0, NaN) - 8
(0.5, 6.5, 0.0, NaN) - 8
(26.0, 8.0, 0.0, NaN) - 5
(26.0, 8.0, 0.0, NaN) - 4
(26.0, 8.0, 0.0, NaN) - 5
(26.0, 8.0, 0.0, NaN) - 3
(26.0, 8.0, 0.0, NaN) - 6
(26.0, 8.0, 0.0, NaN) - 5
(26.0, 8.0, 0.0, NaN) - 5
(26.0, 8.0, 0.0, NaN) - 5
(26.0, 8.0, 0.0, NaN) - 4
(26.0, 8.0, 0.0, NaN) - 4
(26.0, 8.0, 0.0, NaN) - 5
(26.0, 8.0, 0.0, NaN) - 4
(26.0, 8.0, 0.0, NaN) - 4
(26.0, 8.0, 0.0, NaN) - 4
(26.0, 8.0, 0.0, NaN) - 6
(26.0, 8.0, 0.0, NaN) - 4
(26.0, 8.0, 0.0, NaN) - 5
(26.0, 8.0, 0.0, NaN) - 5
(26.0, 8.0, 0.0, NaN) - 5
(26.0, 8.0, 0.0, NaN) - 4
(26.0, 8.0, 0.0, NaN) - 5
(26.0, 8.0, 0.0, NaN) - 5
(26.0, 8.0, 0.0, NaN) - 4
(26.0, 8.0, 0.0, NaN) - 5
(26.0, 8.0, 0.0, NaN) - 4
(0.5, -18.25, 0.0, NaN) - 8
(0.5, -18.25, 0.0, NaN) - 6
(0.5, -18.25, 0.0, NaN) - 6
(0.5, -18.25, 0.0, NaN) - 6
(0.5, -18.25, 0.0, NaN) - 7
(0.5, -18.25, 0.0, NaN) - 7
(0.5, -18.25, 0.0, NaN) - 8
(0.5, -18.25, 0.0, NaN) - 7
(0.5, -18.25, 0.0, NaN) - 5
(0.5, -18.25, 0.0, NaN) - 7
(0.5, -18.25, 0.0, NaN) - 8
(0.5, -18.25, 0.0, NaN) - 8
(0.5, -18.25, 0.0, NaN) - 5
(0.5, -18.25, 0.0, NaN) - 7
(0.5, -18.25, 0.0, NaN) - 6
(0.5, -18.25, 0.0, NaN) - 7
(0.5, -18.25, 0.0, NaN) - 4
(0.5, -18.25, 0.0, NaN) - 8
(0.5, -18.25, 0.0, NaN) - 7
(0.5, -18.25, 0.0, NaN) - 6
(0.5, -18.25, 0.0, NaN) - 8
(0.5, -18.25, 0.0, NaN) - 5
(0.5, -18.25, 0.0, NaN) - 7
(0.5, -18.25, 0.0, NaN) - 8
(0.5, -18.25, 0.0, NaN) - 4
(2.0, -1.75, 0.0, NaN) - 6
(2.0, -1.75, 0.0, NaN) - 7
(2.0, -1.75, 0.0, NaN) - 7
(2.0, -1.75, 0.0, NaN) - 9
(2.0, -1.75, 0.0, NaN) - 9
(2.0, -1.75, 0.0, NaN) - 8
(2.0, -1.75, 0.0, NaN) - 7
(2.0, -1.75, 0.0, NaN) - 7
(2.0, -1.75, 0.0, NaN) - 8
(2.0, -1.75, 0.0, NaN) - 8
(2.0, -1.75, 0.0, NaN) - 8
(2.0, -1.75, 0.0, NaN) - 7
(2.0, -1.75, 0.0, NaN) - 8
(2.0, -1.75, 0.0, NaN) - 8
(2.0, -1.75, 0.0, NaN) - 5
(2.0, -1.75, 0.0, NaN) - 9
(2.0, -1.75, 0.0, NaN) - 5
(2.0, -1.75, 0.0, NaN) - 9
(2.0, -1.75, 0.0, NaN) - 6
(2.0, -1.75, 0.0, NaN) - 7
(2.0, -1.75, 0.0, NaN) - 7
(2.0, -1.75, 0.0, NaN) - 7
(2.0, -1.75, 0.0, NaN) - 8
(2.0, -1.75, 0.0, NaN) - 8
(2.0, -1.75, 0.0, NaN) - 9
(-22.0, -9.25, 0.0, NaN) - 5
(-22.0, -9.25, 0.0, NaN) - 5
(-22.0, -9.25, 0.0, NaN) - 6
(-22.0, -9.25, 0.0, NaN) - 5
(-22.0, -9.25, 0.0, NaN) - 6
(-22.0, -9.25, 0.0, NaN) - 4
(-22.0, -9.25, 0.0, NaN) - 5
(-22.0, -9.25, 0.0, NaN) - 6
(-22.0, -9.25, 0.0, NaN) - 5
(-22.0, -9.25, 0.0, NaN) - 6
(-22.0, -9.25, 0.0, NaN) - 5
(-22.0, -9.25, 0.0, NaN) - 6
(-22.0, -9.25, 0.0, NaN) - 5
(-22.0, -9.25, 0.0, NaN) - 6
(-22.0, -9.25, 0.0, NaN) - 3
(-22.0, -9.25, 0.0, NaN) - 6
(-22.0, -9.25, 0.0, NaN) - 5
(-22.0, -9.25, 0.0, NaN) - 6
(-22.0, -9.25, 0.0, NaN) - 6
(-22.0, -9.25, 0.0, NaN) - 3
(-22.0, -9.25, 0.0, NaN) - 6
(-22.0, -9.25, 0.0, NaN) - 4
(-22.0, -9.25, 0.0, NaN) - 5
(-22.0, -9.25, 0.0, NaN) - 5
(-22.0, -9.25, 0.0, NaN) - 4
(12.5, 6.5, 0.0, NaN) - 7
(12.5, 6.5, 0.0, NaN) - 10
(12.5, 6.5, 0.0, NaN) - 8
(12.5, 6.5, 0.0, NaN) - 7
(12.5, 6.5, 0.0, NaN) - 9
(12.5, 6.5, 0.0, NaN) - 6
(12.5, 6.5, 0.0, NaN) - 6
(12.5, 6.5, 0.0, NaN) - 8
(12.5, 6.5, 0.0, NaN) - 10
(12.5, 6.5, 0.0, NaN) - 9
(12.5, 6.5, 0.0, NaN) - 8
(12.5, 6.5, 0.0, NaN) - 6
(12.5, 6.5, 0.0, NaN) - 6
(12.5, 6.5, 0.0, NaN) - 8
(12.5, 6.5, 0.0, NaN) - 6
(12.5, 6.5, 0.0, NaN) - 7
(12.5, 6.5, 0.0, NaN) - 8
(12.5, 6.5, 0.0, NaN) - 10
(12.5, 6.5, 0.0, NaN) - 9
(12.5, 6.5, 0.0, NaN) - 9
(12.5, 6.5, 0.0, NaN) - 7
(12.5, 6.5, 0.0, NaN) - 7
(12.5, 6.5, 0.0, NaN) - 8
(12.5, 6.5, 0.0, NaN) - 6
(12.5, 6.5, 0.0, NaN) - 10
(9.5, 8.0, 0.0, NaN) - 5
(9.5, 8.0, 0.0, NaN) - 6
(9.5, 8.0, 0.0, NaN) - 4
(9.5, 8.0, 0.0, NaN) - 5
(9.5, 8.0, 0.0, NaN) - 5
(9.5, 8.0, 0.0, NaN) - 5
(9.5, 8.0, 0.0, NaN) - 6
(9.5, 8.0, 0.0, NaN) - 7
(9.5, 8.0, 0.0, NaN) - 2
(9.5, 8.0, 0.0, NaN) - 6
(9.5, 8.0, 0.0, NaN) - 5
(9.5, 8.0, 0.0, NaN) - 5
(9.5, 8.0, 0.0, NaN) - 5
(9.5, 8.0, 0.0, NaN) - 6
(9.5, 8.0, 0.0, NaN) - 7
(9.5, 8.0, 0.0, NaN) - 7
(9.5, 8.0, 0.0, NaN) - 7
(9.5, 8.0, 0.0, NaN) - 8
(9.5, 8.0, 0.0, NaN) - 6
(9.5, 8.0, 0.0, NaN) - 6
(9.5, 8.0, 0.0, NaN) - 5
(9.5, 8.0, 0.0, NaN) - 6
(9.5, 8.0, 0.0, NaN) - 5
(9.5, 8.0, 0.0, NaN) - 6
(9.5, 8.0, 0.0, NaN) - 7
(0.5, -10.75, 0.0, NaN) - 6
(0.5, -10.75, 0.0, NaN) - 6
(0.5, -10.75, 0.0, NaN) - 8
(0.5, -10.75, 0.0, NaN) - 3
(0.5, -10.75, 0.0, NaN) - 6
(0.5, -10.75, 0.0, NaN) - 6
(0.5, -10.75, 0.0, NaN) - 8
(0.5, -10.75, 0.0, NaN) - 4
(0.5, -10.75, 0.0, NaN) - 6
(0.5, -10.75, 0.0, NaN) - 8
(0.5, -10.75, 0.0, NaN) - 6
(0.5, -10.75, 0.0, NaN) - 7
(0.5, -10.75, 0.0, NaN) - 7
(0.5, -10.75, 0.0, NaN) - 4
(0.5, -10.75, 0.0, NaN) - 4
(0.5, -10.75, 0.0, NaN) - 6
(0.5, -10.75, 0.0, NaN) - 7
(0.5, -10.75, 0.0, NaN) - 6
(0.5, -10.75, 0.0, NaN) - 5
(0.5, -10.75, 0.0, NaN) - 7
(0.5, -10.75, 0.0, NaN) - 7
(0.5, -10.75, 0.0, NaN) - 6
(0.5, -10.75, 0.0, NaN) - 8
(0.5, -10.75, 0.0, NaN) - 5
(0.5, -10.75, 0.0, NaN) - 5
(8.0, 3.5, 0.0, NaN) - 9
(8.0, 3.5, 0.0, NaN) - 9
(8.0, 3.5, 0.0, NaN) - 10
(8.0, 3.5, 0.0, NaN) - 9
(8.0, 3.5, 0.0, NaN) - 7
(8.0, 3.5, 0.0, NaN) - 10
(8.0, 3.5, 0.0, NaN) - 9
(8.0, 3.5, 0.0, NaN) - 9
(8.0, 3.5, 0.0, NaN) - 9
(8.0, 3.5, 0.0, NaN) - 7
(8.0, 3.5, 0.0, NaN) - 7
(8.0, 3.5, 0.0, NaN) - 8
(8.0, 3.5, 0.0, NaN) - 7
(8.0, 3.5, 0.0, NaN) - 7
(8.0, 3.5, 0.0, NaN) - 9
(8.0, 3.5, 0.0, NaN) - 10
(8.0, 3.5, 0.0, NaN) - 8
(8.0, 3.5, 0.0, NaN) - 8
(8.0, 3.5, 0.0, NaN) - 8
(8.0, 3.5, 0.0, NaN) - 8
(8.0, 3.5, 0.0, NaN) - 9
(8.0, 3.5, 0.0, NaN) - 7
(8.0, 3.5, 0.0, NaN) - 10
(8.0, 3.5, 0.0, NaN) - 9
(8.0, 3.5, 0.0, NaN) - 7
(-10.0, -9.25, 0.0, NaN) - 5
(-10.0, -9.25, 0.0, NaN) - 6
(-10.0, -9.25, 0.0, NaN) - 4
(-10.0, -9.25, 0.0, NaN) - 3
(-10.0, -9.25, 0.0, NaN) - 6
(-10.0, -9.25, 0.0, NaN) - 6
(-10.0, -9.25, 0.0, NaN) - 6
(-10.0, -9.25, 0.0, NaN) - 5
(-10.0, -9.25, 0.0, NaN) - 6
(-10.0, -9.25, 0.0, NaN) - 5
(-10.0, -9.25, 0.0, NaN) - 6
(-10.0, -9.25, 0.0, NaN) - 6
(-10.0, -9.25, 0.0, NaN) - 4
(-10.0, -9.25, 0.0, NaN) - 6
(-10.0, -9.25, 0.0, NaN) - 6
(-10.0, -9.25, 0.0, NaN) - 6
(-10.0, -9.25, 0.0, NaN) - 6
(-10.0, -9.25, 0.0, NaN) - 5
(-10.0, -9.25, 0.0, NaN) - 5
(-10.0, -9.25, 0.0, NaN) - 5
(-10.0, -9.25, 0.0, NaN) - 5
(-10.0, -9.25, 0.0, NaN) - 5
(-10.0, -9.25, 0.0, NaN) - 5
(-10.0, -9.25, 0.0, NaN) - 5
(-10.0, -9.25, 0.0, NaN) - 6
(2.0, -18.25, 0.0, NaN) - 6
(2.0, -18.25, 0.0, NaN) - 7
(2.0, -18.25, 0.0, NaN) - 6
(2.0, -18.25, 0.0, NaN) - 5
(2.0, -18.25, 0.0, NaN) - 5
(2.0, -18.25, 0.0, NaN) - 5
(2.0, -18.25, 0.0, NaN) - 5
(2.0, -18.25, 0.0, NaN) - 5
(2.0, -18.25, 0.0, NaN) - 7
(2.0, -18.25, 0.0, NaN) - 6
(2.0, -18.25, 0.0, NaN) - 6
(2.0, -18.25, 0.0, NaN) - 6
(2.0, -18.25, 0.0, NaN) - 5
(2.0, -18.25, 0.0, NaN) - 6
(2.0, -18.25, 0.0, NaN) - 5
(2.0, -18.25, 0.0, NaN) - 7
(2.0, -18.25, 0.0, NaN) - 5
(2.0, -18.25, 0.0, NaN) - 7
(2.0, -18.25, 0.0, NaN) - 7
(2.0, -18.25, 0.0, NaN) - 6
(2.0, -18.25, 0.0, NaN) - 5
(2.0, -18.25, 0.0, NaN) - 6
(2.0, -18.25, 0.0, NaN) - 7
(2.0, -18.25, 0.0, NaN) - 5
(2.0, -18.25, 0.0, NaN) - 6
(24.5, 6.5, 0.0, NaN) - 3
(24.5, 6.5, 0.0, NaN) - 5
(24.5, 6.5, 0.0, NaN) - 7
(24.5, 6.5, 0.0, NaN) - 7
(24.5, 6.5, 0.0, NaN) - 6
(24.5, 6.5, 0.0, NaN) - 6
(24.5, 6.5, 0.0, NaN) - 5
(24.5, 6.5, 0.0, NaN) - 4
(24.5, 6.5, 0.0, NaN) - 7
(24.5, 6.5, 0.0, NaN) - 4
(24.5, 6.5, 0.0, NaN) - 5
(24.5, 6.5, 0.0, NaN) - 6
(24.5, 6.5, 0.0, NaN) - 3
(24.5, 6.5, 0.0, NaN) - 7
(24.5, 6.5, 0.0, NaN) - 4
(24.5, 6.5, 0.0, NaN) - 5
(24.5, 6.5, 0.0, NaN) - 5
(24.5, 6.5, 0.0, NaN) - 3
(24.5, 6.5, 0.0, NaN) - 5
(24.5, 6.5, 0.0, NaN) - 3
(24.5, 6.5, 0.0, NaN) - 3
(24.5, 6.5, 0.0, NaN) - 5
(24.5, 6.5, 0.0, NaN) - 6
(24.5, 6.5, 0.0, NaN) - 5
(24.5, 6.5, 0.0, NaN) - 2
(21.5, 8.0, 0.0, NaN) - 4
(21.5, 8.0, 0.0, NaN) - 6
(21.5, 8.0, 0.0, NaN) - 4
(21.5, 8.0, 0.0, NaN) - 5
(21.5, 8.0, 0.0, NaN) - 4
(21.5, 8.0, 0.0, NaN) - 5
(21.5, 8.0, 0.0, NaN) - 3
(21.5, 8.0, 0.0, NaN) - 3
(21.5, 8.0, 0.0, NaN) - 5
(21.5, 8.0, 0.0, NaN) - 3
(21.5, 8.0, 0.0, NaN) - 4
(21.5, 8.0, 0.0, NaN) - 3
(21.5, 8.0, 0.0, NaN) - 3
(21.5, 8.0, 0.0, NaN) - 3
(21.5, 8.0, 0.0, NaN) - 4
(21.5, 8.0, 0.0, NaN) - 4
(21.5, 8.0, 0.0, NaN) - 2
(21.5, 8.0, 0.0, NaN) - 5
(21.5, 8.0, 0.0, NaN) - 5
(21.5, 8.0, 0.0, NaN) - 5
(21.5, 8.0, 0.0, NaN) - 5
(21.5, 8.0, 0.0, NaN) - 6
(21.5, 8.0, 0.0, NaN) - 5
(21.5, 8.0, 0.0, NaN) - 5
(21.5, 8.0, 0.0, NaN) - 5
(-17.5, -10.75, 0.0, NaN) - 6
(-17.5, -10.75, 0.0, NaN) - 4
(-17.5, -10.75, 0.0, NaN) - 5
(-17.5, -10.75, 0.0, NaN) - 6
(-17.5, -10.75, 0.0, NaN) - 4
(-17.5, -10.75, 0.0, NaN) - 6
(-17.5, -10.75, 0.0, NaN) - 4
(-17.5, -10.75, 0.0, NaN) - 6
(-17.5, -10.75, 0.0, NaN) - 6
(-17.5, -10.75, 0.0, NaN) - 6
(-17.5, -10.75, 0.0, NaN) - 5
(-17.5, -10.75, 0.0, NaN) - 5
(-17.5, -10.75, 0.0, NaN) - 3
(-17.5, -10.75, 0.0, NaN) - 4
(-17.5, -10.75, 0.0, NaN) - 6
(-17.5, -10.75, 0.0, NaN) - 4
(-17.5, -10.75, 0.0, NaN) - 4
(-17.5, -10.75, 0.0, NaN) - 5
(-17.5, -10.75, 0.0, NaN) - 6
(-17.5, -10.75, 0.0, NaN) - 5
(-17.5, -10.75, 0.0, NaN) - 5
(-17.5, -10.75, 0.0, NaN) - 5
(-17.5, -10.75, 0.0, NaN) - 5
(-17.5, -10.75, 0.0, NaN) - 6
(-17.5, -10.75, 0.0, NaN) - 5
(20.0, 3.5, 0.0, NaN) - 8
(20.0, 3.5, 0.0, NaN) - 5
(20.0, 3.5, 0.0, NaN) - 6
(20.0, 3.5, 0.0, NaN) - 7
(20.0, 3.5, 0.0, NaN) - 7
(20.0, 3.5, 0.0, NaN) - 8
(20.0, 3.5, 0.0, NaN) - 4
(20.0, 3.5, 0.0, NaN) - 5
(20.0, 3.5, 0.0, NaN) - 7
(20.0, 3.5, 0.0, NaN) - 7
(20.0, 3.5, 0.0, NaN) - 7
(20.0, 3.5, 0.0, NaN) - 4
(20.0, 3.5, 0.0, NaN) - 6
(20.0, 3.5, 0.0, NaN) - 7
(20.0, 3.5, 0.0, NaN) - 7
(20.0, 3.5, 0.0, NaN) - 7
(20.0, 3.5, 0.0, NaN) - 4
(20.0, 3.5, 0.0, NaN) - 2
(20.0, 3.5, 0.0, NaN) - 4
(20.0, 3.5, 0.0, NaN) - 8
(20.0, 3.5, 0.0, NaN) - 4
(20.0, 3.5, 0.0, NaN) - 7
(20.0, 3.5, 0.0, NaN) - 4
(20.0, 3.5, 0.0, NaN) - 7
(20.0, 3.5, 0.0, NaN) - 5
(2.0, -10.75, 0.0, NaN) - 8
(2.0, -10.75, 0.0, NaN) - 7
(2.0, -10.75, 0.0, NaN) - 6
(2.0, -10.75, 0.0, NaN) - 8
(2.0, -10.75, 0.0, NaN) - 8
(2.0, -10.75, 0.0, NaN) - 5
(2.0, -10.75, 0.0, NaN) - 6
(2.0, -10.75, 0.0, NaN) - 8
(2.0, -10.75, 0.0, NaN) - 7
(2.0, -10.75, 0.0, NaN) - 5
(2.0, -10.75, 0.0, NaN) - 4
(2.0, -10.75, 0.0, NaN) - 7
(2.0, -10.75, 0.0, NaN) - 7
(2.0, -10.75, 0.0, NaN) - 8
(2.0, -10.75, 0.0, NaN) - 6
(2.0, -10.75, 0.0, NaN) - 7
(2.0, -10.75, 0.0, NaN) - 6
(2.0, -10.75, 0.0, NaN) - 8
(2.0, -10.75, 0.0, NaN) - 6
(2.0, -10.75, 0.0, NaN) - 7
(2.0, -10.75, 0.0, NaN) - 7
(2.0, -10.75, 0.0, NaN) - 7
(2.0, -10.75, 0.0, NaN) - 8
(2.0, -10.75, 0.0, NaN) - 8
(2.0, -10.75, 0.0, NaN) - 7
(-5.5, -10.75, 0.0, NaN) - 6
(-5.5, -10.75, 0.0, NaN) - 6
(-5.5, -10.75, 0.0, NaN) - 5
(-5.5, -10.75, 0.0, NaN) - 5
(-5.5, -10.75, 0.0, NaN) - 5
(-5.5, -10.75, 0.0, NaN) - 6
(-5.5, -10.75, 0.0, NaN) - 6
(-5.5, -10.75, 0.0, NaN) - 6
(-5.5, -10.75, 0.0, NaN) - 6
(-5.5, -10.75, 0.0, NaN) - 5
(-5.5, -10.75, 0.0, NaN) - 4
(-5.5, -10.75, 0.0, NaN) - 5
(-5.5, -10.75, 0.0, NaN) - 5
(-5.5, -10.75, 0.0, NaN) - 5
(-5.5, -10.75, 0.0, NaN) - 5
(-5.5, -10.75, 0.0, NaN) - 6
(-5.5, -10.75, 0.0, NaN) - 6
(-5.5, -10.75, 0.0, NaN) - 5
(-5.5, -10.75, 0.0, NaN) - 6
(-5.5, -10.75, 0.0, NaN) - 5
(-5.5, -10.75, 0.0, NaN) - 6
(-5.5, -10.75, 0.0, NaN) - 5
(-5.5, -10.75, 0.0, NaN) - 6
(-5.5, -10.75, 0.0, NaN) - 6
(-5.5, -10.75, 0.0, NaN) - 6
(3.5, 3.5, 0.0, NaN) - 8
(3.5, 3.5, 0.0, NaN) - 9
(3.5, 3.5, 0.0, NaN) - 9
(3.5, 3.5, 0.0, NaN) - 9
(3.5, 3.5, 0.0, NaN) - 10
(3.5, 3.5, 0.0, NaN) - 7
(3.5, 3.5, 0.0, NaN) - 8
(3.5, 3.5, 0.0, NaN) - 7
(3.5, 3.5, 0.0, NaN) - 8
(3.5, 3.5, 0.0, NaN) - 8
(3.5, 3.5, 0.0, NaN) - 8
(3.5, 3.5, 0.0, NaN) - 7
(3.5, 3.5, 0.0, NaN) - 8
(3.5, 3.5, 0.0, NaN) - 10
(3.5, 3.5, 0.0, NaN) - 8
(3.5, 3.5, 0.0, NaN) - 8
(3.5, 3.5, 0.0, NaN) - 6
(3.5, 3.5, 0.0, NaN) - 10
(3.5, 3.5, 0.0, NaN) - 9
(3.5, 3.5, 0.0, NaN) - 10
(3.5, 3.5, 0.0, NaN) - 9
(3.5, 3.5, 0.0, NaN) - 10
(3.5, 3.5, 0.0, NaN) - 9
(3.5, 3.5, 0.0, NaN) - 9
(3.5, 3.5, 0.0, NaN) - 10
(0.5, 5.0, 0.0, NaN) - 7
(0.5, 5.0, 0.0, NaN) - 9
(0.5, 5.0, 0.0, NaN) - 7
(0.5, 5.0, 0.0, NaN) - 8
(0.5, 5.0, 0.0, NaN) - 7
(0.5, 5.0, 0.0, NaN) - 9
(0.5, 5.0, 0.0, NaN) - 7
(0.5, 5.0, 0.0, NaN) - 8
(0.5, 5.0, 0.0, NaN) - 8
(0.5, 5.0, 0.0, NaN) - 9
(0.5, 5.0, 0.0, NaN) - 6
(0.5, 5.0, 0.0, NaN) - 8
(0.5, 5.0, 0.0, NaN) - 6
(0.5, 5.0, 0.0, NaN) - 7
(0.5, 5.0, 0.0, NaN) - 7
(0.5, 5.0, 0.0, NaN) - 5
(0.5, 5.0, 0.0, NaN) - 8
(0.5, 5.0, 0.0, NaN) - 8
(0.5, 5.0, 0.0, NaN) - 9
(0.5, 5.0, 0.0, NaN) - 8
(0.5, 5.0, 0.0, NaN) - 7
(0.5, 5.0, 0.0, NaN) - 7
(0.5, 5.0, 0.0, NaN) - 7
(0.5, 5.0, 0.0, NaN) - 8
(0.5, 5.0, 0.0, NaN) - 8
(32.0, 3.5, 0.0, NaN) - 4
(32.0, 3.5, 0.0, NaN) - 2
(32.0, 3.5, 0.0, NaN) - 4
(32.0, 3.5, 0.0, NaN) - 1
(32.0, 3.5, 0.0, NaN) - 4
(32.0, 3.5, 0.0, NaN) - 5
(32.0, 3.5, 0.0, NaN) - 3
(32.0, 3.5, 0.0, NaN) - 5
(32.0, 3.5, 0.0, NaN) - 5
(32.0, 3.5, 0.0, NaN) - 6
(32.0, 3.5, 0.0, NaN) - 4
(32.0, 3.5, 0.0, NaN) - 3
(32.0, 3.5, 0.0, NaN) - 5
(32.0, 3.5, 0.0, NaN) - 5
(32.0, 3.5, 0.0, NaN) - 5
(32.0, 3.5, 0.0, NaN) - 5
(32.0, 3.5, 0.0, NaN) - 5
(32.0, 3.5, 0.0, NaN) - 6
(32.0, 3.5, 0.0, NaN) - 5
(32.0, 3.5, 0.0, NaN) - 4
(32.0, 3.5, 0.0, NaN) - 4
(32.0, 3.5, 0.0, NaN) - 5
(32.0, 3.5, 0.0, NaN) - 4
(32.0, 3.5, 0.0, NaN) - 4
(32.0, 3.5, 0.0, NaN) - 5
(-22.0, -10.75, 0.0, NaN) - 6
(-22.0, -10.75, 0.0, NaN) - 5
(-22.0, -10.75, 0.0, NaN) - 4
(-22.0, -10.75, 0.0, NaN) - 5
(-22.0, -10.75, 0.0, NaN) - 5
(-22.0, -10.75, 0.0, NaN) - 5
(-22.0, -10.75, 0.0, NaN) - 5
(-22.0, -10.75, 0.0, NaN) - 6
(-22.0, -10.75, 0.0, NaN) - 4
(-22.0, -10.75, 0.0, NaN) - 3
(-22.0, -10.75, 0.0, NaN) - 5
(-22.0, -10.75, 0.0, NaN) - 5
(-22.0, -10.75, 0.0, NaN) - 4
(-22.0, -10.75, 0.0, NaN) - 5
(-22.0, -10.75, 0.0, NaN) - 6
(-22.0, -10.75, 0.0, NaN) - 5
(-22.0, -10.75, 0.0, NaN) - 5
(-22.0, -10.75, 0.0, NaN) - 5
(-22.0, -10.75, 0.0, NaN) - 5
(-22.0, -10.75, 0.0, NaN) - 5
(-22.0, -10.75, 0.0, NaN) - 6
(-22.0, -10.75, 0.0, NaN) - 3
(-22.0, -10.75, 0.0, NaN) - 6
(-22.0, -10.75, 0.0, NaN) - 6
(-22.0, -10.75, 0.0, NaN) - 5
(12.5, 5.0, 0.0, NaN) - 7
(12.5, 5.0, 0.0, NaN) - 9
(12.5, 5.0, 0.0, NaN) - 8
(12.5, 5.0, 0.0, NaN) - 9
(12.5, 5.0, 0.0, NaN) - 6
(12.5, 5.0, 0.0, NaN) - 8
(12.5, 5.0, 0.0, NaN) - 8
(12.5, 5.0, 0.0, NaN) - 10
(12.5, 5.0, 0.0, NaN) - 8
(12.5, 5.0, 0.0, NaN) - 7
(12.5, 5.0, 0.0, NaN) - 5
(12.5, 5.0, 0.0, NaN) - 8
(12.5, 5.0, 0.0, NaN) - 7
(12.5, 5.0, 0.0, NaN) - 8
(12.5, 5.0, 0.0, NaN) - 8
(12.5, 5.0, 0.0, NaN) - 7
(12.5, 5.0, 0.0, NaN) - 8
(12.5, 5.0, 0.0, NaN) - 8
(12.5, 5.0, 0.0, NaN) - 5
(12.5, 5.0, 0.0, NaN) - 8
(12.5, 5.0, 0.0, NaN) - 9
(12.5, 5.0, 0.0, NaN) - 6
(12.5, 5.0, 0.0, NaN) - 9
(12.5, 5.0, 0.0, NaN) - 10
(12.5, 5.0, 0.0, NaN) - 8
(15.5, 3.5, 0.0, NaN) - 6
(15.5, 3.5, 0.0, NaN) - 5
(15.5, 3.5, 0.0, NaN) - 4
(15.5, 3.5, 0.0, NaN) - 8
(15.5, 3.5, 0.0, NaN) - 5
(15.5, 3.5, 0.0, NaN) - 6
(15.5, 3.5, 0.0, NaN) - 7
(15.5, 3.5, 0.0, NaN) - 8
(15.5, 3.5, 0.0, NaN) - 5
(15.5, 3.5, 0.0, NaN) - 4
(15.5, 3.5, 0.0, NaN) - 6
(15.5, 3.5, 0.0, NaN) - 4
(15.5, 3.5, 0.0, NaN) - 4
(15.5, 3.5, 0.0, NaN) - 6
(15.5, 3.5, 0.0, NaN) - 5
(15.5, 3.5, 0.0, NaN) - 5
(15.5, 3.5, 0.0, NaN) - 6
(15.5, 3.5, 0.0, NaN) - 5
(15.5, 3.5, 0.0, NaN) - 6
(15.5, 3.5, 0.0, NaN) - 5
(15.5, 3.5, 0.0, NaN) - 6
(15.5, 3.5, 0.0, NaN) - 5
(15.5, 3.5, 0.0, NaN) - 6
(15.5, 3.5, 0.0, NaN) - 7
(15.5, 3.5, 0.0, NaN) - 5
(2.0, 6.5, 0.0, NaN) - 9
(2.0, 6.5, 0.0, NaN) - 10
(2.0, 6.5, 0.0, NaN) - 10
(2.0, 6.5, 0.0, NaN) - 9
(2.0, 6.5, 0.0, NaN) - 10
(2.0, 6.5, 0.0, NaN) - 9
(2.0, 6.5, 0.0, NaN) - 8
(2.0, 6.5, 0.0, NaN) - 9
(2.0, 6.5, 0.0, NaN) - 9
(2.0, 6.5, 0.0, NaN) - 8
(2.0, 6.5, 0.0, NaN) - 7
(2.0, 6.5, 0.0, NaN) - 10
(2.0, 6.5, 0.0, NaN) - 9
(2.0, 6.5, 0.0, NaN) - 9
(2.0, 6.5, 0.0, NaN) - 10
(2.0, 6.5, 0.0, NaN) - 9
(2.0, 6.5, 0.0, NaN) - 7
(2.0, 6.5, 0.0, NaN) - 7
(2.0, 6.5, 0.0, NaN) - 9
(2.0, 6.5, 0.0, NaN) - 9
(2.0, 6.5, 0.0, NaN) - 9
(2.0, 6.5, 0.0, NaN) - 9
(2.0, 6.5, 0.0, NaN) - 7
(2.0, 6.5, 0.0, NaN) - 8
(2.0, 6.5, 0.0, NaN) - 7
(-10.0, -10.75, 0.0, NaN) - 5
(-10.0, -10.75, 0.0, NaN) - 5
(-10.0, -10.75, 0.0, NaN) - 3
(-10.0, -10.75, 0.0, NaN) - 5
(-10.0, -10.75, 0.0, NaN) - 5
(-10.0, -10.75, 0.0, NaN) - 5
(-10.0, -10.75, 0.0, NaN) - 6
(-10.0, -10.75, 0.0, NaN) - 6
(-10.0, -10.75, 0.0, NaN) - 5
(-10.0, -10.75, 0.0, NaN) - 5
(-10.0, -10.75, 0.0, NaN) - 5
(-10.0, -10.75, 0.0, NaN) - 6
(-10.0, -10.75, 0.0, NaN) - 5
(-10.0, -10.75, 0.0, NaN) - 5
(-10.0, -10.75, 0.0, NaN) - 6
(-10.0, -10.75, 0.0, NaN) - 5
(-10.0, -10.75, 0.0, NaN) - 5
(-10.0, -10.75, 0.0, NaN) - 6
(-10.0, -10.75, 0.0, NaN) - 5
(-10.0, -10.75, 0.0, NaN) - 6
(-10.0, -10.75, 0.0, NaN) - 5
(-10.0, -10.75, 0.0, NaN) - 5
(-10.0, -10.75, 0.0, NaN) - 5
(-10.0, -10.75, 0.0, NaN) - 5
(-10.0, -10.75, 0.0, NaN) - 6
(24.5, 5.0, 0.0, NaN) - 5
(24.5, 5.0, 0.0, NaN) - 4
(24.5, 5.0, 0.0, NaN) - 5
(24.5, 5.0, 0.0, NaN) - 5
(24.5, 5.0, 0.0, NaN) - 4
(24.5, 5.0, 0.0, NaN) - 4
(24.5, 5.0, 0.0, NaN) - 4
(24.5, 5.0, 0.0, NaN) - 4
(24.5, 5.0, 0.0, NaN) - 3
(24.5, 5.0, 0.0, NaN) - 4
(24.5, 5.0, 0.0, NaN) - 2
(24.5, 5.0, 0.0, NaN) - 5
(24.5, 5.0, 0.0, NaN) - 3
(24.5, 5.0, 0.0, NaN) - 4
(24.5, 5.0, 0.0, NaN) - 4
(24.5, 5.0, 0.0, NaN) - 5
(24.5, 5.0, 0.0, NaN) - 4
(24.5, 5.0, 0.0, NaN) - 4
(24.5, 5.0, 0.0, NaN) - 5
(24.5, 5.0, 0.0, NaN) - 4
(24.5, 5.0, 0.0, NaN) - 4
(24.5, 5.0, 0.0, NaN) - 6
(24.5, 5.0, 0.0, NaN) - 4
(24.5, 5.0, 0.0, NaN) - 4
(24.5, 5.0, 0.0, NaN) - 4
(27.5, 3.5, 0.0, NaN) - 5
(27.5, 3.5, 0.0, NaN) - 5
(27.5, 3.5, 0.0, NaN) - 4
(27.5, 3.5, 0.0, NaN) - 5
(27.5, 3.5, 0.0, NaN) - 3
(27.5, 3.5, 0.0, NaN) - 6
(27.5, 3.5, 0.0, NaN) - 3
(27.5, 3.5, 0.0, NaN) - 4
(27.5, 3.5, 0.0, NaN) - 4
(27.5, 3.5, 0.0, NaN) - 3
(27.5, 3.5, 0.0, NaN) - 3
(27.5, 3.5, 0.0, NaN) - 4
(27.5, 3.5, 0.0, NaN) - 5
(27.5, 3.5, 0.0, NaN) - 5
(27.5, 3.5, 0.0, NaN) - 5
(27.5, 3.5, 0.0, NaN) - 4
(27.5, 3.5, 0.0, NaN) - 4
(27.5, 3.5, 0.0, NaN) - 4
(27.5, 3.5, 0.0, NaN) - 5
(27.5, 3.5, 0.0, NaN) - 5
(27.5, 3.5, 0.0, NaN) - 6
(27.5, 3.5, 0.0, NaN) - 3
(27.5, 3.5, 0.0, NaN) - 6
(27.5, 3.5, 0.0, NaN) - 5
(27.5, 3.5, 0.0, NaN) - 5
(-20.5, -9.25, 0.0, NaN) - 5
(-20.5, -9.25, 0.0, NaN) - 5
(-20.5, -9.25, 0.0, NaN) - 5
(-20.5, -9.25, 0.0, NaN) - 6
(-20.5, -9.25, 0.0, NaN) - 5
(-20.5, -9.25, 0.0, NaN) - 3
(-20.5, -9.25, 0.0, NaN) - 5
(-20.5, -9.25, 0.0, NaN) - 6
(-20.5, -9.25, 0.0, NaN) - 5
(-20.5, -9.25, 0.0, NaN) - 6
(-20.5, -9.25, 0.0, NaN) - 5
(-20.5, -9.25, 0.0, NaN) - 6
(-20.5, -9.25, 0.0, NaN) - 5
(-20.5, -9.25, 0.0, NaN) - 5
(-20.5, -9.25, 0.0, NaN) - 6
(-20.5, -9.25, 0.0, NaN) - 5
(-20.5, -9.25, 0.0, NaN) - 5
(-20.5, -9.25, 0.0, NaN) - 5
(-20.5, -9.25, 0.0, NaN) - 4
(-20.5, -9.25, 0.0, NaN) - 5
(-20.5, -9.25, 0.0, NaN) - 3
(-20.5, -9.25, 0.0, NaN) - 5
(-20.5, -9.25, 0.0, NaN) - 6
(-20.5, -9.25, 0.0, NaN) - 5
(-20.5, -9.25, 0.0, NaN) - 5
(0.5, -3.25, 0.0, NaN) - 8
(0.5, -3.25, 0.0, NaN) - 7
(0.5, -3.25, 0.0, NaN) - 6
(0.5, -3.25, 0.0, NaN) - 6
(0.5, -3.25, 0.0, NaN) - 7
(0.5, -3.25, 0.0, NaN) - 6
(0.5, -3.25, 0.0, NaN) - 8
(0.5, -3.25, 0.0, NaN) - 7
(0.5, -3.25, 0.0, NaN) - 8
(0.5, -3.25, 0.0, NaN) - 8
(0.5, -3.25, 0.0, NaN) - 9
(0.5, -3.25, 0.0, NaN) - 7
(0.5, -3.25, 0.0, NaN) - 6
(0.5, -3.25, 0.0, NaN) - 6
(0.5, -3.25, 0.0, NaN) - 8
(0.5, -3.25, 0.0, NaN) - 7
(0.5, -3.25, 0.0, NaN) - 8
(0.5, -3.25, 0.0, NaN) - 7
(0.5, -3.25, 0.0, NaN) - 7
(0.5, -3.25, 0.0, NaN) - 6
(0.5, -3.25, 0.0, NaN) - 6
(0.5, -3.25, 0.0, NaN) - 8
(0.5, -3.25, 0.0, NaN) - 8
(0.5, -3.25, 0.0, NaN) - 5
(0.5, -3.25, 0.0, NaN) - 5
(11.0, 8.0, 0.0, NaN) - 7
(11.0, 8.0, 0.0, NaN) - 5
(11.0, 8.0, 0.0, NaN) - 7
(11.0, 8.0, 0.0, NaN) - 6
(11.0, 8.0, 0.0, NaN) - 6
(11.0, 8.0, 0.0, NaN) - 7
(11.0, 8.0, 0.0, NaN) - 7
(11.0, 8.0, 0.0, NaN) - 6
(11.0, 8.0, 0.0, NaN) - 6
(11.0, 8.0, 0.0, NaN) - 6
(11.0, 8.0, 0.0, NaN) - 6
(11.0, 8.0, 0.0, NaN) - 8
(11.0, 8.0, 0.0, NaN) - 3
(11.0, 8.0, 0.0, NaN) - 7
(11.0, 8.0, 0.0, NaN) - 4
(11.0, 8.0, 0.0, NaN) - 8
(11.0, 8.0, 0.0, NaN) - 8
(11.0, 8.0, 0.0, NaN) - 6
(11.0, 8.0, 0.0, NaN) - 6
(11.0, 8.0, 0.0, NaN) - 4
(11.0, 8.0, 0.0, NaN) - 7
(11.0, 8.0, 0.0, NaN) - 7
(11.0, 8.0, 0.0, NaN) - 6
(11.0, 8.0, 0.0, NaN) - 7
(11.0, 8.0, 0.0, NaN) - 6
(-8.5, -9.25, 0.0, NaN) - 6
(-8.5, -9.25, 0.0, NaN) - 5
(-8.5, -9.25, 0.0, NaN) - 5
(-8.5, -9.25, 0.0, NaN) - 6
(-8.5, -9.25, 0.0, NaN) - 5
(-8.5, -9.25, 0.0, NaN) - 6
(-8.5, -9.25, 0.0, NaN) - 5
(-8.5, -9.25, 0.0, NaN) - 6
(-8.5, -9.25, 0.0, NaN) - 5
(-8.5, -9.25, 0.0, NaN) - 6
(-8.5, -9.25, 0.0, NaN) - 6
(-8.5, -9.25, 0.0, NaN) - 6
(-8.5, -9.25, 0.0, NaN) - 5
(-8.5, -9.25, 0.0, NaN) - 5
(-8.5, -9.25, 0.0, NaN) - 6
(-8.5, -9.25, 0.0, NaN) - 6
(-8.5, -9.25, 0.0, NaN) - 4
(-8.5, -9.25, 0.0, NaN) - 5
(-8.5, -9.25, 0.0, NaN) - 6
(-8.5, -9.25, 0.0, NaN) - 5
(-8.5, -9.25, 0.0, NaN) - 5
(-8.5, -9.25, 0.0, NaN) - 5
(-8.5, -9.25, 0.0, NaN) - 5
(-8.5, -9.25, 0.0, NaN) - 6
(-8.5, -9.25, 0.0, NaN) - 6
(26.0, 6.5, 0.0, NaN) - 6
(26.0, 6.5, 0.0, NaN) - 4
(26.0, 6.5, 0.0, NaN) - 4
(26.0, 6.5, 0.0, NaN) - 4
(26.0, 6.5, 0.0, NaN) - 4
(26.0, 6.5, 0.0, NaN) - 5
(26.0, 6.5, 0.0, NaN) - 4
(26.0, 6.5, 0.0, NaN) - 5
(26.0, 6.5, 0.0, NaN) - 4
(26.0, 6.5, 0.0, NaN) - 5
(26.0, 6.5, 0.0, NaN) - 5
(26.0, 6.5, 0.0, NaN) - 2
(26.0, 6.5, 0.0, NaN) - 3
(26.0, 6.5, 0.0, NaN) - 5
(26.0, 6.5, 0.0, NaN) - 5
(26.0, 6.5, 0.0, NaN) - 6
(26.0, 6.5, 0.0, NaN) - 5
(26.0, 6.5, 0.0, NaN) - 4
(26.0, 6.5, 0.0, NaN) - 3
(26.0, 6.5, 0.0, NaN) - 5
(26.0, 6.5, 0.0, NaN) - 5
(26.0, 6.5, 0.0, NaN) - 4
(26.0, 6.5, 0.0, NaN) - 4
(26.0, 6.5, 0.0, NaN) - 6
(26.0, 6.5, 0.0, NaN) - 2
(23.0, 8.0, 0.0, NaN) - 6
(23.0, 8.0, 0.0, NaN) - 4
(23.0, 8.0, 0.0, NaN) - 6
(23.0, 8.0, 0.0, NaN) - 5
(23.0, 8.0, 0.0, NaN) - 5
(23.0, 8.0, 0.0, NaN) - 5
(23.0, 8.0, 0.0, NaN) - 5
(23.0, 8.0, 0.0, NaN) - 6
(23.0, 8.0, 0.0, NaN) - 4
(23.0, 8.0, 0.0, NaN) - 6
(23.0, 8.0, 0.0, NaN) - 2
(23.0, 8.0, 0.0, NaN) - 3
(23.0, 8.0, 0.0, NaN) - 4
(23.0, 8.0, 0.0, NaN) - 5
(23.0, 8.0, 0.0, NaN) - 4
(23.0, 8.0, 0.0, NaN) - 4
(23.0, 8.0, 0.0, NaN) - 5
(23.0, 8.0, 0.0, NaN) - 4
(23.0, 8.0, 0.0, NaN) - 5
(23.0, 8.0, 0.0, NaN) - 3
(23.0, 8.0, 0.0, NaN) - 5
(23.0, 8.0, 0.0, NaN) - 3
(23.0, 8.0, 0.0, NaN) - 6
(23.0, 8.0, 0.0, NaN) - 5
(23.0, 8.0, 0.0, NaN) - 5
(2.0, -3.25, 0.0, NaN) - 8
(2.0, -3.25, 0.0, NaN) - 8
(2.0, -3.25, 0.0, NaN) - 7
(2.0, -3.25, 0.0, NaN) - 9
(2.0, -3.25, 0.0, NaN) - 9
(2.0, -3.25, 0.0, NaN) - 8
(2.0, -3.25, 0.0, NaN) - 6
(2.0, -3.25, 0.0, NaN) - 5
(2.0, -3.25, 0.0, NaN) - 5
(2.0, -3.25, 0.0, NaN) - 6
(2.0, -3.25, 0.0, NaN) - 8
(2.0, -3.25, 0.0, NaN) - 7
(2.0, -3.25, 0.0, NaN) - 9
(2.0, -3.25, 0.0, NaN) - 8
(2.0, -3.25, 0.0, NaN) - 8
(2.0, -3.25, 0.0, NaN) - 6
(2.0, -3.25, 0.0, NaN) - 7
(2.0, -3.25, 0.0, NaN) - 7
(2.0, -3.25, 0.0, NaN) - 8
(2.0, -3.25, 0.0, NaN) - 7
(2.0, -3.25, 0.0, NaN) - 9
(2.0, -3.25, 0.0, NaN) - 6
(2.0, -3.25, 0.0, NaN) - 8
(2.0, -3.25, 0.0, NaN) - 8
(2.0, -3.25, 0.0, NaN) - 8
(9.5, 6.5, 0.0, NaN) - 9
(9.5, 6.5, 0.0, NaN) - 10
(9.5, 6.5, 0.0, NaN) - 7
(9.5, 6.5, 0.0, NaN) - 8
(9.5, 6.5, 0.0, NaN) - 7
(9.5, 6.5, 0.0, NaN) - 6
(9.5, 6.5, 0.0, NaN) - 8
(9.5, 6.5, 0.0, NaN) - 6
(9.5, 6.5, 0.0, NaN) - 6
(9.5, 6.5, 0.0, NaN) - 8
(9.5, 6.5, 0.0, NaN) - 9
(9.5, 6.5, 0.0, NaN) - 10
(9.5, 6.5, 0.0, NaN) - 8
(9.5, 6.5, 0.0, NaN) - 8
(9.5, 6.5, 0.0, NaN) - 7
(9.5, 6.5, 0.0, NaN) - 6
(9.5, 6.5, 0.0, NaN) - 7
(9.5, 6.5, 0.0, NaN) - 6
(9.5, 6.5, 0.0, NaN) - 8
(9.5, 6.5, 0.0, NaN) - 8
(9.5, 6.5, 0.0, NaN) - 6
(9.5, 6.5, 0.0, NaN) - 7
(9.5, 6.5, 0.0, NaN) - 6
(9.5, 6.5, 0.0, NaN) - 4
(9.5, 6.5, 0.0, NaN) - 6
(6.5, 8.0, 0.0, NaN) - 9
(6.5, 8.0, 0.0, NaN) - 7
(6.5, 8.0, 0.0, NaN) - 5
(6.5, 8.0, 0.0, NaN) - 8
(6.5, 8.0, 0.0, NaN) - 7
(6.5, 8.0, 0.0, NaN) - 8
(6.5, 8.0, 0.0, NaN) - 7
(6.5, 8.0, 0.0, NaN) - 8
(6.5, 8.0, 0.0, NaN) - 8
(6.5, 8.0, 0.0, NaN) - 4
(6.5, 8.0, 0.0, NaN) - 4
(6.5, 8.0, 0.0, NaN) - 6
(6.5, 8.0, 0.0, NaN) - 9
(6.5, 8.0, 0.0, NaN) - 8
(6.5, 8.0, 0.0, NaN) - 10
(6.5, 8.0, 0.0, NaN) - 6
(6.5, 8.0, 0.0, NaN) - 9
(6.5, 8.0, 0.0, NaN) - 9
(6.5, 8.0, 0.0, NaN) - 7
(6.5, 8.0, 0.0, NaN) - 9
(6.5, 8.0, 0.0, NaN) - 9
(6.5, 8.0, 0.0, NaN) - 8
(6.5, 8.0, 0.0, NaN) - 7
(6.5, 8.0, 0.0, NaN) - 8
(6.5, 8.0, 0.0, NaN) - 6
(0.5, 12.5, 0.0, NaN) - 6
(0.5, 12.5, 0.0, NaN) - 9
(0.5, 12.5, 0.0, NaN) - 6
(0.5, 12.5, 0.0, NaN) - 9
(0.5, 12.5, 0.0, NaN) - 6
(0.5, 12.5, 0.0, NaN) - 9
(0.5, 12.5, 0.0, NaN) - 4
(0.5, 12.5, 0.0, NaN) - 7
(0.5, 12.5, 0.0, NaN) - 8
(0.5, 12.5, 0.0, NaN) - 6
(0.5, 12.5, 0.0, NaN) - 9
(0.5, 12.5, 0.0, NaN) - 8
(0.5, 12.5, 0.0, NaN) - 7
(0.5, 12.5, 0.0, NaN) - 6
(0.5, 12.5, 0.0, NaN) - 8
(0.5, 12.5, 0.0, NaN) - 6
(0.5, 12.5, 0.0, NaN) - 8
(0.5, 12.5, 0.0, NaN) - 6
(0.5, 12.5, 0.0, NaN) - 8
(0.5, 12.5, 0.0, NaN) - 8
(0.5, 12.5, 0.0, NaN) - 6
(0.5, 12.5, 0.0, NaN) - 9
(0.5, 12.5, 0.0, NaN) - 7
(0.5, 12.5, 0.0, NaN) - 8
(0.5, 12.5, 0.0, NaN) - 9
(0.5, -12.25, 0.0, NaN) - 7
(0.5, -12.25, 0.0, NaN) - 6
(0.5, -12.25, 0.0, NaN) - 7
(0.5, -12.25, 0.0, NaN) - 5
(0.5, -12.25, 0.0, NaN) - 7
(0.5, -12.25, 0.0, NaN) - 7
(0.5, -12.25, 0.0, NaN) - 6
(0.5, -12.25, 0.0, NaN) - 7
(0.5, -12.25, 0.0, NaN) - 5
(0.5, -12.25, 0.0, NaN) - 6
(0.5, -12.25, 0.0, NaN) - 6
(0.5, -12.25, 0.0, NaN) - 6
(0.5, -12.25, 0.0, NaN) - 5
(0.5, -12.25, 0.0, NaN) - 7
(0.5, -12.25, 0.0, NaN) - 2
(0.5, -12.25, 0.0, NaN) - 5
(0.5, -12.25, 0.0, NaN) - 6
(0.5, -12.25, 0.0, NaN) - 6
(0.5, -12.25, 0.0, NaN) - 5
(0.5, -12.25, 0.0, NaN) - 7
(0.5, -12.25, 0.0, NaN) - 6
(0.5, -12.25, 0.0, NaN) - 7
(0.5, -12.25, 0.0, NaN) - 6
(0.5, -12.25, 0.0, NaN) - 6
(0.5, -12.25, 0.0, NaN) - 5
(5.0, 3.5, 0.0, NaN) - 8
(5.0, 3.5, 0.0, NaN) - 8
(5.0, 3.5, 0.0, NaN) - 9
(5.0, 3.5, 0.0, NaN) - 9
(5.0, 3.5, 0.0, NaN) - 8
(5.0, 3.5, 0.0, NaN) - 8
(5.0, 3.5, 0.0, NaN) - 8
(5.0, 3.5, 0.0, NaN) - 6
(5.0, 3.5, 0.0, NaN) - 10
(5.0, 3.5, 0.0, NaN) - 8
(5.0, 3.5, 0.0, NaN) - 10
(5.0, 3.5, 0.0, NaN) - 9
(5.0, 3.5, 0.0, NaN) - 8
(5.0, 3.5, 0.0, NaN) - 8
(5.0, 3.5, 0.0, NaN) - 9
(5.0, 3.5, 0.0, NaN) - 7
(5.0, 3.5, 0.0, NaN) - 9
(5.0, 3.5, 0.0, NaN) - 9
(5.0, 3.5, 0.0, NaN) - 7
(5.0, 3.5, 0.0, NaN) - 8
(5.0, 3.5, 0.0, NaN) - 8
(5.0, 3.5, 0.0, NaN) - 6
(5.0, 3.5, 0.0, NaN) - 9
(5.0, 3.5, 0.0, NaN) - 8
(5.0, 3.5, 0.0, NaN) - 6
(2.0, 5.0, 0.0, NaN) - 10
(2.0, 5.0, 0.0, NaN) - 8
(2.0, 5.0, 0.0, NaN) - 6
(2.0, 5.0, 0.0, NaN) - 7
(2.0, 5.0, 0.0, NaN) - 7
(2.0, 5.0, 0.0, NaN) - 7
(2.0, 5.0, 0.0, NaN) - 8
(2.0, 5.0, 0.0, NaN) - 8
(2.0, 5.0, 0.0, NaN) - 7
(2.0, 5.0, 0.0, NaN) - 6
(2.0, 5.0, 0.0, NaN) - 7
(2.0, 5.0, 0.0, NaN) - 8
(2.0, 5.0, 0.0, NaN) - 8
(2.0, 5.0, 0.0, NaN) - 10
(2.0, 5.0, 0.0, NaN) - 6
(2.0, 5.0, 0.0, NaN) - 5
(2.0, 5.0, 0.0, NaN) - 9
(2.0, 5.0, 0.0, NaN) - 8
(2.0, 5.0, 0.0, NaN) - 8
(2.0, 5.0, 0.0, NaN) - 9
(2.0, 5.0, 0.0, NaN) - 7
(2.0, 5.0, 0.0, NaN) - 6
(2.0, 5.0, 0.0, NaN) - 8
(2.0, 5.0, 0.0, NaN) - 9
(2.0, 5.0, 0.0, NaN) - 10
(-13.0, -9.25, 0.0, NaN) - 4
(-13.0, -9.25, 0.0, NaN) - 6
(-13.0, -9.25, 0.0, NaN) - 3
(-13.0, -9.25, 0.0, NaN) - 3
(-13.0, -9.25, 0.0, NaN) - 6
(-13.0, -9.25, 0.0, NaN) - 6
(-13.0, -9.25, 0.0, NaN) - 6
(-13.0, -9.25, 0.0, NaN) - 5
(-13.0, -9.25, 0.0, NaN) - 6
(-13.0, -9.25, 0.0, NaN) - 6
(-13.0, -9.25, 0.0, NaN) - 5
(-13.0, -9.25, 0.0, NaN) - 5
(-13.0, -9.25, 0.0, NaN) - 5
(-13.0, -9.25, 0.0, NaN) - 5
(-13.0, -9.25, 0.0, NaN) - 6
(-13.0, -9.25, 0.0, NaN) - 3
(-13.0, -9.25, 0.0, NaN) - 6
(-13.0, -9.25, 0.0, NaN) - 5
(-13.0, -9.25, 0.0, NaN) - 6
(-13.0, -9.25, 0.0, NaN) - 6
(-13.0, -9.25, 0.0, NaN) - 5
(-13.0, -9.25, 0.0, NaN) - 5
(-13.0, -9.25, 0.0, NaN) - 6
(-13.0, -9.25, 0.0, NaN) - 5
(-13.0, -9.25, 0.0, NaN) - 6
(21.5, 6.5, 0.0, NaN) - 5
(21.5, 6.5, 0.0, NaN) - 4
(21.5, 6.5, 0.0, NaN) - 4
(21.5, 6.5, 0.0, NaN) - 3
(21.5, 6.5, 0.0, NaN) - 6
(21.5, 6.5, 0.0, NaN) - 4
(21.5, 6.5, 0.0, NaN) - 5
(21.5, 6.5, 0.0, NaN) - 5
(21.5, 6.5, 0.0, NaN) - 5
(21.5, 6.5, 0.0, NaN) - 5
(21.5, 6.5, 0.0, NaN) - 5
(21.5, 6.5, 0.0, NaN) - 4
(21.5, 6.5, 0.0, NaN) - 5
(21.5, 6.5, 0.0, NaN) - 4
(21.5, 6.5, 0.0, NaN) - 5
(21.5, 6.5, 0.0, NaN) - 3
(21.5, 6.5, 0.0, NaN) - 5
(21.5, 6.5, 0.0, NaN) - 4
(21.5, 6.5, 0.0, NaN) - 5
(21.5, 6.5, 0.0, NaN) - 5
(21.5, 6.5, 0.0, NaN) - 4
(21.5, 6.5, 0.0, NaN) - 4
(21.5, 6.5, 0.0, NaN) - 6
(21.5, 6.5, 0.0, NaN) - 5
(21.5, 6.5, 0.0, NaN) - 5
(18.5, 8.0, 0.0, NaN) - 3
(18.5, 8.0, 0.0, NaN) - 6
(18.5, 8.0, 0.0, NaN) - 5
(18.5, 8.0, 0.0, NaN) - 3
(18.5, 8.0, 0.0, NaN) - 7
(18.5, 8.0, 0.0, NaN) - 2
(18.5, 8.0, 0.0, NaN) - 5
(18.5, 8.0, 0.0, NaN) - 5
(18.5, 8.0, 0.0, NaN) - 3
(18.5, 8.0, 0.0, NaN) - 4
(18.5, 8.0, 0.0, NaN) - 5
(18.5, 8.0, 0.0, NaN) - 5
(18.5, 8.0, 0.0, NaN) - 6
(18.5, 8.0, 0.0, NaN) - 5
(18.5, 8.0, 0.0, NaN) - 5
(18.5, 8.0, 0.0, NaN) - 5
(18.5, 8.0, 0.0, NaN) - 6
(18.5, 8.0, 0.0, NaN) - 3
(18.5, 8.0, 0.0, NaN) - 4
(18.5, 8.0, 0.0, NaN) - 4
(18.5, 8.0, 0.0, NaN) - 4
(18.5, 8.0, 0.0, NaN) - 4
(18.5, 8.0, 0.0, NaN) - 6
(18.5, 8.0, 0.0, NaN) - 5
(18.5, 8.0, 0.0, NaN) - 3
(-20.5, -10.75, 0.0, NaN) - 6
(-20.5, -10.75, 0.0, NaN) - 6
(-20.5, -10.75, 0.0, NaN) - 6
(-20.5, -10.75, 0.0, NaN) - 6
(-20.5, -10.75, 0.0, NaN) - 5
(-20.5, -10.75, 0.0, NaN) - 6
(-20.5, -10.75, 0.0, NaN) - 5
(-20.5, -10.75, 0.0, NaN) - 5
(-20.5, -10.75, 0.0, NaN) - 5
(-20.5, -10.75, 0.0, NaN) - 6
(-20.5, -10.75, 0.0, NaN) - 6
(-20.5, -10.75, 0.0, NaN) - 6
(-20.5, -10.75, 0.0, NaN) - 5
(-20.5, -10.75, 0.0, NaN) - 5
(-20.5, -10.75, 0.0, NaN) - 5
(-20.5, -10.75, 0.0, NaN) - 4
(-20.5, -10.75, 0.0, NaN) - 6
(-20.5, -10.75, 0.0, NaN) - 5
(-20.5, -10.75, 0.0, NaN) - 5
(-20.5, -10.75, 0.0, NaN) - 6
(-20.5, -10.75, 0.0, NaN) - 4
(-20.5, -10.75, 0.0, NaN) - 6
(-20.5, -10.75, 0.0, NaN) - 5
(-20.5, -10.75, 0.0, NaN) - 5
(-20.5, -10.75, 0.0, NaN) - 6
(0.5, -4.75, 0.0, NaN) - 7
(0.5, -4.75, 0.0, NaN) - 6
(0.5, -4.75, 0.0, NaN) - 8
(0.5, -4.75, 0.0, NaN) - 9
(0.5, -4.75, 0.0, NaN) - 8
(0.5, -4.75, 0.0, NaN) - 7
(0.5, -4.75, 0.0, NaN) - 7
(0.5, -4.75, 0.0, NaN) - 7
(0.5, -4.75, 0.0, NaN) - 6
(0.5, -4.75, 0.0, NaN) - 7
(0.5, -4.75, 0.0, NaN) - 9
(0.5, -4.75, 0.0, NaN) - 7
(0.5, -4.75, 0.0, NaN) - 7
(0.5, -4.75, 0.0, NaN) - 8
(0.5, -4.75, 0.0, NaN) - 9
(0.5, -4.75, 0.0, NaN) - 6
(0.5, -4.75, 0.0, NaN) - 8
(0.5, -4.75, 0.0, NaN) - 5
(0.5, -4.75, 0.0, NaN) - 7
(0.5, -4.75, 0.0, NaN) - 6
(0.5, -4.75, 0.0, NaN) - 8
(0.5, -4.75, 0.0, NaN) - 8
(0.5, -4.75, 0.0, NaN) - 8
(0.5, -4.75, 0.0, NaN) - 5
(0.5, -4.75, 0.0, NaN) - 9
(17.0, 3.5, 0.0, NaN) - 8
(17.0, 3.5, 0.0, NaN) - 6
(17.0, 3.5, 0.0, NaN) - 6
(17.0, 3.5, 0.0, NaN) - 5
(17.0, 3.5, 0.0, NaN) - 6
(17.0, 3.5, 0.0, NaN) - 7
(17.0, 3.5, 0.0, NaN) - 5
(17.0, 3.5, 0.0, NaN) - 8
(17.0, 3.5, 0.0, NaN) - 6
(17.0, 3.5, 0.0, NaN) - 8
(17.0, 3.5, 0.0, NaN) - 6
(17.0, 3.5, 0.0, NaN) - 6
(17.0, 3.5, 0.0, NaN) - 5
(17.0, 3.5, 0.0, NaN) - 5
(17.0, 3.5, 0.0, NaN) - 6
(17.0, 3.5, 0.0, NaN) - 5
(17.0, 3.5, 0.0, NaN) - 8
(17.0, 3.5, 0.0, NaN) - 6
(17.0, 3.5, 0.0, NaN) - 7
(17.0, 3.5, 0.0, NaN) - 5
(17.0, 3.5, 0.0, NaN) - 5
(17.0, 3.5, 0.0, NaN) - 5
(17.0, 3.5, 0.0, NaN) - 2
(17.0, 3.5, 0.0, NaN) - 8
(17.0, 3.5, 0.0, NaN) - 7
(-1.0, -9.25, 0.0, NaN) - 5
(-1.0, -9.25, 0.0, NaN) - 6
(-1.0, -9.25, 0.0, NaN) - 5
(-1.0, -9.25, 0.0, NaN) - 6
(-1.0, -9.25, 0.0, NaN) - 6
(-1.0, -9.25, 0.0, NaN) - 6
(-1.0, -9.25, 0.0, NaN) - 5
(-1.0, -9.25, 0.0, NaN) - 6
(-1.0, -9.25, 0.0, NaN) - 6
(-1.0, -9.25, 0.0, NaN) - 6
(-1.0, -9.25, 0.0, NaN) - 5
(-1.0, -9.25, 0.0, NaN) - 5
(-1.0, -9.25, 0.0, NaN) - 5
(-1.0, -9.25, 0.0, NaN) - 6
(-1.0, -9.25, 0.0, NaN) - 5
(-1.0, -9.25, 0.0, NaN) - 6
(-1.0, -9.25, 0.0, NaN) - 6
(-1.0, -9.25, 0.0, NaN) - 6
(-1.0, -9.25, 0.0, NaN) - 6
(-1.0, -9.25, 0.0, NaN) - 5
(-1.0, -9.25, 0.0, NaN) - 6
(-1.0, -9.25, 0.0, NaN) - 5
(-1.0, -9.25, 0.0, NaN) - 5
(-1.0, -9.25, 0.0, NaN) - 5
(-1.0, -9.25, 0.0, NaN) - 5
(2.0, -12.25, 0.0, NaN) - 5
(2.0, -12.25, 0.0, NaN) - 5
(2.0, -12.25, 0.0, NaN) - 6
(2.0, -12.25, 0.0, NaN) - 6
(2.0, -12.25, 0.0, NaN) - 7
(2.0, -12.25, 0.0, NaN) - 5
(2.0, -12.25, 0.0, NaN) - 7
(2.0, -12.25, 0.0, NaN) - 6
(2.0, -12.25, 0.0, NaN) - 5
(2.0, -12.25, 0.0, NaN) - 5
(2.0, -12.25, 0.0, NaN) - 8
(2.0, -12.25, 0.0, NaN) - 6
(2.0, -12.25, 0.0, NaN) - 7
(2.0, -12.25, 0.0, NaN) - 6
(2.0, -12.25, 0.0, NaN) - 7
(2.0, -12.25, 0.0, NaN) - 6
(2.0, -12.25, 0.0, NaN) - 7
(2.0, -12.25, 0.0, NaN) - 6
(2.0, -12.25, 0.0, NaN) - 7
(2.0, -12.25, 0.0, NaN) - 6
(2.0, -12.25, 0.0, NaN) - 6
(2.0, -12.25, 0.0, NaN) - 5
(2.0, -12.25, 0.0, NaN) - 8
(2.0, -12.25, 0.0, NaN) - 8
(2.0, -12.25, 0.0, NaN) - 6
(30.5, 8.0, 0.0, NaN) - 5
(30.5, 8.0, 0.0, NaN) - 4
(30.5, 8.0, 0.0, NaN) - 5
(30.5, 8.0, 0.0, NaN) - 5
(30.5, 8.0, 0.0, NaN) - 5
(30.5, 8.0, 0.0, NaN) - 4
(30.5, 8.0, 0.0, NaN) - 4
(30.5, 8.0, 0.0, NaN) - 4
(30.5, 8.0, 0.0, NaN) - 5
(30.5, 8.0, 0.0, NaN) - 5
(30.5, 8.0, 0.0, NaN) - 3
(30.5, 8.0, 0.0, NaN) - 5
(30.5, 8.0, 0.0, NaN) - 5
(30.5, 8.0, 0.0, NaN) - 5
(30.5, 8.0, 0.0, NaN) - 5
(30.5, 8.0, 0.0, NaN) - 5
(30.5, 8.0, 0.0, NaN) - 5
(30.5, 8.0, 0.0, NaN) - 4
(30.5, 8.0, 0.0, NaN) - 4
(30.5, 8.0, 0.0, NaN) - 5
(30.5, 8.0, 0.0, NaN) - 3
(30.5, 8.0, 0.0, NaN) - 3
(30.5, 8.0, 0.0, NaN) - 5
(30.5, 8.0, 0.0, NaN) - 3
(30.5, 8.0, 0.0, NaN) - 4
(-8.5, -10.75, 0.0, NaN) - 6
(-8.5, -10.75, 0.0, NaN) - 6
(-8.5, -10.75, 0.0, NaN) - 5
(-8.5, -10.75, 0.0, NaN) - 6
(-8.5, -10.75, 0.0, NaN) - 6
(-8.5, -10.75, 0.0, NaN) - 5
(-8.5, -10.75, 0.0, NaN) - 6
(-8.5, -10.75, 0.0, NaN) - 4
(-8.5, -10.75, 0.0, NaN) - 4
(-8.5, -10.75, 0.0, NaN) - 6
(-8.5, -10.75, 0.0, NaN) - 5
(-8.5, -10.75, 0.0, NaN) - 6
(-8.5, -10.75, 0.0, NaN) - 6
(-8.5, -10.75, 0.0, NaN) - 5
(-8.5, -10.75, 0.0, NaN) - 6
(-8.5, -10.75, 0.0, NaN) - 5
(-8.5, -10.75, 0.0, NaN) - 6
(-8.5, -10.75, 0.0, NaN) - 6
(-8.5, -10.75, 0.0, NaN) - 5
(-8.5, -10.75, 0.0, NaN) - 6
(-8.5, -10.75, 0.0, NaN) - 5
(-8.5, -10.75, 0.0, NaN) - 6
(-8.5, -10.75, 0.0, NaN) - 5
(-8.5, -10.75, 0.0, NaN) - 5
(-8.5, -10.75, 0.0, NaN) - 5
(0.5, 3.5, 0.0, NaN) - 8
(0.5, 3.5, 0.0, NaN) - 8
(0.5, 3.5, 0.0, NaN) - 7
(0.5, 3.5, 0.0, NaN) - 10
(0.5, 3.5, 0.0, NaN) - 7
(0.5, 3.5, 0.0, NaN) - 8
(0.5, 3.5, 0.0, NaN) - 8
(0.5, 3.5, 0.0, NaN) - 8
(0.5, 3.5, 0.0, NaN) - 9
(0.5, 3.5, 0.0, NaN) - 9
(0.5, 3.5, 0.0, NaN) - 7
(0.5, 3.5, 0.0, NaN) - 9
(0.5, 3.5, 0.0, NaN) - 7
(0.5, 3.5, 0.0, NaN) - 9
(0.5, 3.5, 0.0, NaN) - 8
(0.5, 3.5, 0.0, NaN) - 9
(0.5, 3.5, 0.0, NaN) - 9
(0.5, 3.5, 0.0, NaN) - 7
(0.5, 3.5, 0.0, NaN) - 10
(0.5, 3.5, 0.0, NaN) - 6
(0.5, 3.5, 0.0, NaN) - 9
(0.5, 3.5, 0.0, NaN) - 9
(0.5, 3.5, 0.0, NaN) - 7
(0.5, 3.5, 0.0, NaN) - 10
(0.5, 3.5, 0.0, NaN) - 7
(26.0, 5.0, 0.0, NaN) - 4
(26.0, 5.0, 0.0, NaN) - 4
(26.0, 5.0, 0.0, NaN) - 2
(26.0, 5.0, 0.0, NaN) - 4
(26.0, 5.0, 0.0, NaN) - 5
(26.0, 5.0, 0.0, NaN) - 3
(26.0, 5.0, 0.0, NaN) - 5
(26.0, 5.0, 0.0, NaN) - 4
(26.0, 5.0, 0.0, NaN) - 5
(26.0, 5.0, 0.0, NaN) - 4
(26.0, 5.0, 0.0, NaN) - 4
(26.0, 5.0, 0.0, NaN) - 5
(26.0, 5.0, 0.0, NaN) - 3
(26.0, 5.0, 0.0, NaN) - 5
(26.0, 5.0, 0.0, NaN) - 5
(26.0, 5.0, 0.0, NaN) - 5
(26.0, 5.0, 0.0, NaN) - 3
(26.0, 5.0, 0.0, NaN) - 5
(26.0, 5.0, 0.0, NaN) - 4
(26.0, 5.0, 0.0, NaN) - 3
(26.0, 5.0, 0.0, NaN) - 4
(26.0, 5.0, 0.0, NaN) - 3
(26.0, 5.0, 0.0, NaN) - 4
(26.0, 5.0, 0.0, NaN) - 4
(26.0, 5.0, 0.0, NaN) - 4
(29.0, 3.5, 0.0, NaN) - 3
(29.0, 3.5, 0.0, NaN) - 4
(29.0, 3.5, 0.0, NaN) - 6
(29.0, 3.5, 0.0, NaN) - 6
(29.0, 3.5, 0.0, NaN) - 3
(29.0, 3.5, 0.0, NaN) - 4
(29.0, 3.5, 0.0, NaN) - 6
(29.0, 3.5, 0.0, NaN) - 6
(29.0, 3.5, 0.0, NaN) - 5
(29.0, 3.5, 0.0, NaN) - 5
(29.0, 3.5, 0.0, NaN) - 4
(29.0, 3.5, 0.0, NaN) - 7
(29.0, 3.5, 0.0, NaN) - 5
(29.0, 3.5, 0.0, NaN) - 4
(29.0, 3.5, 0.0, NaN) - 4
(29.0, 3.5, 0.0, NaN) - 6
(29.0, 3.5, 0.0, NaN) - 4
(29.0, 3.5, 0.0, NaN) - 5
(29.0, 3.5, 0.0, NaN) - 6
(29.0, 3.5, 0.0, NaN) - 4
(29.0, 3.5, 0.0, NaN) - 5
(29.0, 3.5, 0.0, NaN) - 5
(29.0, 3.5, 0.0, NaN) - 7
(29.0, 3.5, 0.0, NaN) - 5
(29.0, 3.5, 0.0, NaN) - 4
(2.0, -4.75, 0.0, NaN) - 6
(2.0, -4.75, 0.0, NaN) - 5
(2.0, -4.75, 0.0, NaN) - 7
(2.0, -4.75, 0.0, NaN) - 6
(2.0, -4.75, 0.0, NaN) - 6
(2.0, -4.75, 0.0, NaN) - 3
(2.0, -4.75, 0.0, NaN) - 7
(2.0, -4.75, 0.0, NaN) - 8
(2.0, -4.75, 0.0, NaN) - 7
(2.0, -4.75, 0.0, NaN) - 7
(2.0, -4.75, 0.0, NaN) - 8
(2.0, -4.75, 0.0, NaN) - 7
(2.0, -4.75, 0.0, NaN) - 7
(2.0, -4.75, 0.0, NaN) - 7
(2.0, -4.75, 0.0, NaN) - 8
(2.0, -4.75, 0.0, NaN) - 7
(2.0, -4.75, 0.0, NaN) - 6
(2.0, -4.75, 0.0, NaN) - 7
(2.0, -4.75, 0.0, NaN) - 8
(2.0, -4.75, 0.0, NaN) - 6
(2.0, -4.75, 0.0, NaN) - 9
(2.0, -4.75, 0.0, NaN) - 3
(2.0, -4.75, 0.0, NaN) - 7
(2.0, -4.75, 0.0, NaN) - 7
(2.0, -4.75, 0.0, NaN) - 6
(9.5, 5.0, 0.0, NaN) - 8
(9.5, 5.0, 0.0, NaN) - 8
(9.5, 5.0, 0.0, NaN) - 5
(9.5, 5.0, 0.0, NaN) - 8
(9.5, 5.0, 0.0, NaN) - 9
(9.5, 5.0, 0.0, NaN) - 8
(9.5, 5.0, 0.0, NaN) - 8
(9.5, 5.0, 0.0, NaN) - 7
(9.5, 5.0, 0.0, NaN) - 8
(9.5, 5.0, 0.0, NaN) - 6
(9.5, 5.0, 0.0, NaN) - 4
(9.5, 5.0, 0.0, NaN) - 8
(9.5, 5.0, 0.0, NaN) - 8
(9.5, 5.0, 0.0, NaN) - 9
(9.5, 5.0, 0.0, NaN) - 8
(9.5, 5.0, 0.0, NaN) - 9
(9.5, 5.0, 0.0, NaN) - 6
(9.5, 5.0, 0.0, NaN) - 9
(9.5, 5.0, 0.0, NaN) - 6
(9.5, 5.0, 0.0, NaN) - 7
(9.5, 5.0, 0.0, NaN) - 6
(9.5, 5.0, 0.0, NaN) - 7
(9.5, 5.0, 0.0, NaN) - 6
(9.5, 5.0, 0.0, NaN) - 7
(9.5, 5.0, 0.0, NaN) - 7
(12.5, 3.5, 0.0, NaN) - 7
(12.5, 3.5, 0.0, NaN) - 6
(12.5, 3.5, 0.0, NaN) - 7
(12.5, 3.5, 0.0, NaN) - 9
(12.5, 3.5, 0.0, NaN) - 6
(12.5, 3.5, 0.0, NaN) - 8
(12.5, 3.5, 0.0, NaN) - 5
(12.5, 3.5, 0.0, NaN) - 8
(12.5, 3.5, 0.0, NaN) - 6
(12.5, 3.5, 0.0, NaN) - 6
(12.5, 3.5, 0.0, NaN) - 8
(12.5, 3.5, 0.0, NaN) - 6
(12.5, 3.5, 0.0, NaN) - 6
(12.5, 3.5, 0.0, NaN) - 7
(12.5, 3.5, 0.0, NaN) - 5
(12.5, 3.5, 0.0, NaN) - 7
(12.5, 3.5, 0.0, NaN) - 7
(12.5, 3.5, 0.0, NaN) - 8
(12.5, 3.5, 0.0, NaN) - 5
(12.5, 3.5, 0.0, NaN) - 5
(12.5, 3.5, 0.0, NaN) - 8
(12.5, 3.5, 0.0, NaN) - 5
(12.5, 3.5, 0.0, NaN) - 9
(12.5, 3.5, 0.0, NaN) - 7
(12.5, 3.5, 0.0, NaN) - 5
(0.5, 11.0, 0.0, NaN) - 8
(0.5, 11.0, 0.0, NaN) - 7
(0.5, 11.0, 0.0, NaN) - 8
(0.5, 11.0, 0.0, NaN) - 7
(0.5, 11.0, 0.0, NaN) - 9
(0.5, 11.0, 0.0, NaN) - 8
(0.5, 11.0, 0.0, NaN) - 9
(0.5, 11.0, 0.0, NaN) - 9
(0.5, 11.0, 0.0, NaN) - 5
(0.5, 11.0, 0.0, NaN) - 7
(0.5, 11.0, 0.0, NaN) - 7
(0.5, 11.0, 0.0, NaN) - 8
(0.5, 11.0, 0.0, NaN) - 8
(0.5, 11.0, 0.0, NaN) - 6
(0.5, 11.0, 0.0, NaN) - 7
(0.5, 11.0, 0.0, NaN) - 9
(0.5, 11.0, 0.0, NaN) - 9
(0.5, 11.0, 0.0, NaN) - 5
(0.5, 11.0, 0.0, NaN) - 8
(0.5, 11.0, 0.0, NaN) - 7
(0.5, 11.0, 0.0, NaN) - 6
(0.5, 11.0, 0.0, NaN) - 8
(0.5, 11.0, 0.0, NaN) - 8
(0.5, 11.0, 0.0, NaN) - 4
(0.5, 11.0, 0.0, NaN) - 7
(0.5, -13.75, 0.0, NaN) - 7
(0.5, -13.75, 0.0, NaN) - 6
(0.5, -13.75, 0.0, NaN) - 6
(0.5, -13.75, 0.0, NaN) - 4
(0.5, -13.75, 0.0, NaN) - 6
(0.5, -13.75, 0.0, NaN) - 5
(0.5, -13.75, 0.0, NaN) - 5
(0.5, -13.75, 0.0, NaN) - 5
(0.5, -13.75, 0.0, NaN) - 6
(0.5, -13.75, 0.0, NaN) - 6
(0.5, -13.75, 0.0, NaN) - 6
(0.5, -13.75, 0.0, NaN) - 5
(0.5, -13.75, 0.0, NaN) - 6
(0.5, -13.75, 0.0, NaN) - 5
(0.5, -13.75, 0.0, NaN) - 7
(0.5, -13.75, 0.0, NaN) - 7
(0.5, -13.75, 0.0, NaN) - 5
(0.5, -13.75, 0.0, NaN) - 6
(0.5, -13.75, 0.0, NaN) - 6
(0.5, -13.75, 0.0, NaN) - 6
(0.5, -13.75, 0.0, NaN) - 5
(0.5, -13.75, 0.0, NaN) - 8
(0.5, -13.75, 0.0, NaN) - 7
(0.5, -13.75, 0.0, NaN) - 7
(0.5, -13.75, 0.0, NaN) - 6
(-13.0, -10.75, 0.0, NaN) - 5
(-13.0, -10.75, 0.0, NaN) - 6
(-13.0, -10.75, 0.0, NaN) - 6
(-13.0, -10.75, 0.0, NaN) - 3
(-13.0, -10.75, 0.0, NaN) - 5
(-13.0, -10.75, 0.0, NaN) - 6
(-13.0, -10.75, 0.0, NaN) - 6
(-13.0, -10.75, 0.0, NaN) - 5
(-13.0, -10.75, 0.0, NaN) - 5
(-13.0, -10.75, 0.0, NaN) - 5
(-13.0, -10.75, 0.0, NaN) - 5
(-13.0, -10.75, 0.0, NaN) - 6
(-13.0, -10.75, 0.0, NaN) - 6
(-13.0, -10.75, 0.0, NaN) - 5
(-13.0, -10.75, 0.0, NaN) - 6
(-13.0, -10.75, 0.0, NaN) - 5
(-13.0, -10.75, 0.0, NaN) - 6
(-13.0, -10.75, 0.0, NaN) - 6
(-13.0, -10.75, 0.0, NaN) - 5
(-13.0, -10.75, 0.0, NaN) - 5
(-13.0, -10.75, 0.0, NaN) - 6
(-13.0, -10.75, 0.0, NaN) - 5
(-13.0, -10.75, 0.0, NaN) - 6
(-13.0, -10.75, 0.0, NaN) - 5
(-13.0, -10.75, 0.0, NaN) - 4
(21.5, 5.0, 0.0, NaN) - 4
(21.5, 5.0, 0.0, NaN) - 5
(21.5, 5.0, 0.0, NaN) - 5
(21.5, 5.0, 0.0, NaN) - 5
(21.5, 5.0, 0.0, NaN) - 5
(21.5, 5.0, 0.0, NaN) - 5
(21.5, 5.0, 0.0, NaN) - 4
(21.5, 5.0, 0.0, NaN) - 4
(21.5, 5.0, 0.0, NaN) - 5
(21.5, 5.0, 0.0, NaN) - 4
(21.5, 5.0, 0.0, NaN) - 4
(21.5, 5.0, 0.0, NaN) - 4
(21.5, 5.0, 0.0, NaN) - 5
(21.5, 5.0, 0.0, NaN) - 4
(21.5, 5.0, 0.0, NaN) - 5
(21.5, 5.0, 0.0, NaN) - 5
(21.5, 5.0, 0.0, NaN) - 3
(21.5, 5.0, 0.0, NaN) - 5
(21.5, 5.0, 0.0, NaN) - 4
(21.5, 5.0, 0.0, NaN) - 3
(21.5, 5.0, 0.0, NaN) - 4
(21.5, 5.0, 0.0, NaN) - 5
(21.5, 5.0, 0.0, NaN) - 6
(21.5, 5.0, 0.0, NaN) - 5
(21.5, 5.0, 0.0, NaN) - 4
(24.5, 3.5, 0.0, NaN) - 5
(24.5, 3.5, 0.0, NaN) - 4
(24.5, 3.5, 0.0, NaN) - 5
(24.5, 3.5, 0.0, NaN) - 5
(24.5, 3.5, 0.0, NaN) - 5
(24.5, 3.5, 0.0, NaN) - 4
(24.5, 3.5, 0.0, NaN) - 7
(24.5, 3.5, 0.0, NaN) - 2
(24.5, 3.5, 0.0, NaN) - 4
(24.5, 3.5, 0.0, NaN) - 6
(24.5, 3.5, 0.0, NaN) - 5
(24.5, 3.5, 0.0, NaN) - 5
(24.5, 3.5, 0.0, NaN) - 4
(24.5, 3.5, 0.0, NaN) - 5
(24.5, 3.5, 0.0, NaN) - 4
(24.5, 3.5, 0.0, NaN) - 7
(24.5, 3.5, 0.0, NaN) - 5
(24.5, 3.5, 0.0, NaN) - 5
(24.5, 3.5, 0.0, NaN) - 4
(24.5, 3.5, 0.0, NaN) - 4
(24.5, 3.5, 0.0, NaN) - 2
(24.5, 3.5, 0.0, NaN) - 2
(24.5, 3.5, 0.0, NaN) - 3
(24.5, 3.5, 0.0, NaN) - 7
(24.5, 3.5, 0.0, NaN) - 2
(-23.5, -9.25, 0.0, NaN) - 3
(-23.5, -9.25, 0.0, NaN) - 5
(-23.5, -9.25, 0.0, NaN) - 5
(-23.5, -9.25, 0.0, NaN) - 6
(-23.5, -9.25, 0.0, NaN) - 6
(-23.5, -9.25, 0.0, NaN) - 6
(-23.5, -9.25, 0.0, NaN) - 6
(-23.5, -9.25, 0.0, NaN) - 5
(-23.5, -9.25, 0.0, NaN) - 5
(-23.5, -9.25, 0.0, NaN) - 4
(-23.5, -9.25, 0.0, NaN) - 6
(-23.5, -9.25, 0.0, NaN) - 5
(-23.5, -9.25, 0.0, NaN) - 6
(-23.5, -9.25, 0.0, NaN) - 6
(-23.5, -9.25, 0.0, NaN) - 6
(-23.5, -9.25, 0.0, NaN) - 5
(-23.5, -9.25, 0.0, NaN) - 5
(-23.5, -9.25, 0.0, NaN) - 3
(-23.5, -9.25, 0.0, NaN) - 5
(-23.5, -9.25, 0.0, NaN) - 5
(-23.5, -9.25, 0.0, NaN) - 6
(-23.5, -9.25, 0.0, NaN) - 4
(-23.5, -9.25, 0.0, NaN) - 5
(-23.5, -9.25, 0.0, NaN) - 6
(-23.5, -9.25, 0.0, NaN) - 5
(11.0, 6.5, 0.0, NaN) - 6
(11.0, 6.5, 0.0, NaN) - 5
(11.0, 6.5, 0.0, NaN) - 7
(11.0, 6.5, 0.0, NaN) - 8
(11.0, 6.5, 0.0, NaN) - 5
(11.0, 6.5, 0.0, NaN) - 6
(11.0, 6.5, 0.0, NaN) - 4
(11.0, 6.5, 0.0, NaN) - 5
(11.0, 6.5, 0.0, NaN) - 8
(11.0, 6.5, 0.0, NaN) - 6
(11.0, 6.5, 0.0, NaN) - 7
(11.0, 6.5, 0.0, NaN) - 7
(11.0, 6.5, 0.0, NaN) - 8
(11.0, 6.5, 0.0, NaN) - 7
(11.0, 6.5, 0.0, NaN) - 10
(11.0, 6.5, 0.0, NaN) - 6
(11.0, 6.5, 0.0, NaN) - 6
(11.0, 6.5, 0.0, NaN) - 8
(11.0, 6.5, 0.0, NaN) - 7
(11.0, 6.5, 0.0, NaN) - 5
(11.0, 6.5, 0.0, NaN) - 5
(11.0, 6.5, 0.0, NaN) - 6
(11.0, 6.5, 0.0, NaN) - 8
(11.0, 6.5, 0.0, NaN) - 5
(11.0, 6.5, 0.0, NaN) - 6
(8.0, 8.0, 0.0, NaN) - 8
(8.0, 8.0, 0.0, NaN) - 7
(8.0, 8.0, 0.0, NaN) - 7
(8.0, 8.0, 0.0, NaN) - 8
(8.0, 8.0, 0.0, NaN) - 7
(8.0, 8.0, 0.0, NaN) - 7
(8.0, 8.0, 0.0, NaN) - 8
(8.0, 8.0, 0.0, NaN) - 6
(8.0, 8.0, 0.0, NaN) - 8
(8.0, 8.0, 0.0, NaN) - 8
(8.0, 8.0, 0.0, NaN) - 9
(8.0, 8.0, 0.0, NaN) - 8
(8.0, 8.0, 0.0, NaN) - 7
(8.0, 8.0, 0.0, NaN) - 8
(8.0, 8.0, 0.0, NaN) - 8
(8.0, 8.0, 0.0, NaN) - 9
(8.0, 8.0, 0.0, NaN) - 6
(8.0, 8.0, 0.0, NaN) - 9
(8.0, 8.0, 0.0, NaN) - 7
(8.0, 8.0, 0.0, NaN) - 7
(8.0, 8.0, 0.0, NaN) - 7
(8.0, 8.0, 0.0, NaN) - 6
(8.0, 8.0, 0.0, NaN) - 7
(8.0, 8.0, 0.0, NaN) - 9
(8.0, 8.0, 0.0, NaN) - 5
(2.0, 12.5, 0.0, NaN) - 7
(2.0, 12.5, 0.0, NaN) - 7
(2.0, 12.5, 0.0, NaN) - 6
(2.0, 12.5, 0.0, NaN) - 5
(2.0, 12.5, 0.0, NaN) - 6
(2.0, 12.5, 0.0, NaN) - 7
(2.0, 12.5, 0.0, NaN) - 6
(2.0, 12.5, 0.0, NaN) - 8
(2.0, 12.5, 0.0, NaN) - 7
(2.0, 12.5, 0.0, NaN) - 7
(2.0, 12.5, 0.0, NaN) - 7
(2.0, 12.5, 0.0, NaN) - 7
(2.0, 12.5, 0.0, NaN) - 5
(2.0, 12.5, 0.0, NaN) - 8
(2.0, 12.5, 0.0, NaN) - 8
(2.0, 12.5, 0.0, NaN) - 7
(2.0, 12.5, 0.0, NaN) - 6
(2.0, 12.5, 0.0, NaN) - 7
(2.0, 12.5, 0.0, NaN) - 8
(2.0, 12.5, 0.0, NaN) - 7
(2.0, 12.5, 0.0, NaN) - 7
(2.0, 12.5, 0.0, NaN) - 7
(2.0, 12.5, 0.0, NaN) - 7
(2.0, 12.5, 0.0, NaN) - 7
(2.0, 12.5, 0.0, NaN) - 6
(-1.0, -10.75, 0.0, NaN) - 7
(-1.0, -10.75, 0.0, NaN) - 5
(-1.0, -10.75, 0.0, NaN) - 8
(-1.0, -10.75, 0.0, NaN) - 5
(-1.0, -10.75, 0.0, NaN) - 7
(-1.0, -10.75, 0.0, NaN) - 8
(-1.0, -10.75, 0.0, NaN) - 6
(-1.0, -10.75, 0.0, NaN) - 5
(-1.0, -10.75, 0.0, NaN) - 6
(-1.0, -10.75, 0.0, NaN) - 6
(-1.0, -10.75, 0.0, NaN) - 6
(-1.0, -10.75, 0.0, NaN) - 6
(-1.0, -10.75, 0.0, NaN) - 8
(-1.0, -10.75, 0.0, NaN) - 7
(-1.0, -10.75, 0.0, NaN) - 8
(-1.0, -10.75, 0.0, NaN) - 5
(-1.0, -10.75, 0.0, NaN) - 7
(-1.0, -10.75, 0.0, NaN) - 5
(-1.0, -10.75, 0.0, NaN) - 6
(-1.0, -10.75, 0.0, NaN) - 6
(-1.0, -10.75, 0.0, NaN) - 7
(-1.0, -10.75, 0.0, NaN) - 4
(-1.0, -10.75, 0.0, NaN) - 7
(-1.0, -10.75, 0.0, NaN) - 4
(-1.0, -10.75, 0.0, NaN) - 7
(2.0, -13.75, 0.0, NaN) - 6
(2.0, -13.75, 0.0, NaN) - 8
(2.0, -13.75, 0.0, NaN) - 5
(2.0, -13.75, 0.0, NaN) - 8
(2.0, -13.75, 0.0, NaN) - 6
(2.0, -13.75, 0.0, NaN) - 7
(2.0, -13.75, 0.0, NaN) - 7
(2.0, -13.75, 0.0, NaN) - 5
(2.0, -13.75, 0.0, NaN) - 7
(2.0, -13.75, 0.0, NaN) - 4
(2.0, -13.75, 0.0, NaN) - 6
(2.0, -13.75, 0.0, NaN) - 7
(2.0, -13.75, 0.0, NaN) - 7
(2.0, -13.75, 0.0, NaN) - 9
(2.0, -13.75, 0.0, NaN) - 7
(2.0, -13.75, 0.0, NaN) - 7
(2.0, -13.75, 0.0, NaN) - 7
(2.0, -13.75, 0.0, NaN) - 6
(2.0, -13.75, 0.0, NaN) - 6
(2.0, -13.75, 0.0, NaN) - 7
(2.0, -13.75, 0.0, NaN) - 7
(2.0, -13.75, 0.0, NaN) - 9
(2.0, -13.75, 0.0, NaN) - 5
(2.0, -13.75, 0.0, NaN) - 4
(2.0, -13.75, 0.0, NaN) - 8
(-11.5, -9.25, 0.0, NaN) - 6
(-11.5, -9.25, 0.0, NaN) - 4
(-11.5, -9.25, 0.0, NaN) - 6
(-11.5, -9.25, 0.0, NaN) - 5
(-11.5, -9.25, 0.0, NaN) - 6
(-11.5, -9.25, 0.0, NaN) - 6
(-11.5, -9.25, 0.0, NaN) - 4
(-11.5, -9.25, 0.0, NaN) - 6
(-11.5, -9.25, 0.0, NaN) - 6
(-11.5, -9.25, 0.0, NaN) - 5
(-11.5, -9.25, 0.0, NaN) - 5
(-11.5, -9.25, 0.0, NaN) - 6
(-11.5, -9.25, 0.0, NaN) - 5
(-11.5, -9.25, 0.0, NaN) - 5
(-11.5, -9.25, 0.0, NaN) - 5
(-11.5, -9.25, 0.0, NaN) - 6
(-11.5, -9.25, 0.0, NaN) - 5
(-11.5, -9.25, 0.0, NaN) - 5
(-11.5, -9.25, 0.0, NaN) - 5
(-11.5, -9.25, 0.0, NaN) - 6
(-11.5, -9.25, 0.0, NaN) - 5
(-11.5, -9.25, 0.0, NaN) - 5
(-11.5, -9.25, 0.0, NaN) - 4
(-11.5, -9.25, 0.0, NaN) - 6
(-11.5, -9.25, 0.0, NaN) - 6
(0.5, 2.0, 0.0, NaN) - 8
(0.5, 2.0, 0.0, NaN) - 8
(0.5, 2.0, 0.0, NaN) - 6
(0.5, 2.0, 0.0, NaN) - 9
(0.5, 2.0, 0.0, NaN) - 9
(0.5, 2.0, 0.0, NaN) - 9
(0.5, 2.0, 0.0, NaN) - 8
(0.5, 2.0, 0.0, NaN) - 8
(0.5, 2.0, 0.0, NaN) - 8
(0.5, 2.0, 0.0, NaN) - 4
(0.5, 2.0, 0.0, NaN) - 8
(0.5, 2.0, 0.0, NaN) - 9
(0.5, 2.0, 0.0, NaN) - 6
(0.5, 2.0, 0.0, NaN) - 7
(0.5, 2.0, 0.0, NaN) - 6
(0.5, 2.0, 0.0, NaN) - 7
(0.5, 2.0, 0.0, NaN) - 9
(0.5, 2.0, 0.0, NaN) - 7
(0.5, 2.0, 0.0, NaN) - 6
(0.5, 2.0, 0.0, NaN) - 7
(0.5, 2.0, 0.0, NaN) - 9
(0.5, 2.0, 0.0, NaN) - 9
(0.5, 2.0, 0.0, NaN) - 7
(0.5, 2.0, 0.0, NaN) - 9
(0.5, 2.0, 0.0, NaN) - 9
(23.0, 6.5, 0.0, NaN) - 5
(23.0, 6.5, 0.0, NaN) - 3
(23.0, 6.5, 0.0, NaN) - 5
(23.0, 6.5, 0.0, NaN) - 5
(23.0, 6.5, 0.0, NaN) - 3
(23.0, 6.5, 0.0, NaN) - 6
(23.0, 6.5, 0.0, NaN) - 4
(23.0, 6.5, 0.0, NaN) - 3
(23.0, 6.5, 0.0, NaN) - 5
(23.0, 6.5, 0.0, NaN) - 6
(23.0, 6.5, 0.0, NaN) - 5
(23.0, 6.5, 0.0, NaN) - 4
(23.0, 6.5, 0.0, NaN) - 4
(23.0, 6.5, 0.0, NaN) - 4
(23.0, 6.5, 0.0, NaN) - 3
(23.0, 6.5, 0.0, NaN) - 4
(23.0, 6.5, 0.0, NaN) - 5
(23.0, 6.5, 0.0, NaN) - 5
(23.0, 6.5, 0.0, NaN) - 5
(23.0, 6.5, 0.0, NaN) - 3
(23.0, 6.5, 0.0, NaN) - 6
(23.0, 6.5, 0.0, NaN) - 4
(23.0, 6.5, 0.0, NaN) - 5
(23.0, 6.5, 0.0, NaN) - 5
(23.0, 6.5, 0.0, NaN) - 5
(20.0, 8.0, 0.0, NaN) - 5
(20.0, 8.0, 0.0, NaN) - 7
(20.0, 8.0, 0.0, NaN) - 4
(20.0, 8.0, 0.0, NaN) - 3
(20.0, 8.0, 0.0, NaN) - 6
(20.0, 8.0, 0.0, NaN) - 5
(20.0, 8.0, 0.0, NaN) - 6
(20.0, 8.0, 0.0, NaN) - 5
(20.0, 8.0, 0.0, NaN) - 6
(20.0, 8.0, 0.0, NaN) - 4
(20.0, 8.0, 0.0, NaN) - 5
(20.0, 8.0, 0.0, NaN) - 5
(20.0, 8.0, 0.0, NaN) - 2
(20.0, 8.0, 0.0, NaN) - 4
(20.0, 8.0, 0.0, NaN) - 5
(20.0, 8.0, 0.0, NaN) - 5
(20.0, 8.0, 0.0, NaN) - 2
(20.0, 8.0, 0.0, NaN) - 3
(20.0, 8.0, 0.0, NaN) - 4
(20.0, 8.0, 0.0, NaN) - 5
(20.0, 8.0, 0.0, NaN) - 4
(20.0, 8.0, 0.0, NaN) - 4
(20.0, 8.0, 0.0, NaN) - 5
(20.0, 8.0, 0.0, NaN) - 6
(20.0, 8.0, 0.0, NaN) - 5
(3.5, 8.0, 0.0, NaN) - 8
(3.5, 8.0, 0.0, NaN) - 9
(3.5, 8.0, 0.0, NaN) - 10
(3.5, 8.0, 0.0, NaN) - 8
(3.5, 8.0, 0.0, NaN) - 8
(3.5, 8.0, 0.0, NaN) - 9
(3.5, 8.0, 0.0, NaN) - 8
(3.5, 8.0, 0.0, NaN) - 6
(3.5, 8.0, 0.0, NaN) - 6
(3.5, 8.0, 0.0, NaN) - 9
(3.5, 8.0, 0.0, NaN) - 9
(3.5, 8.0, 0.0, NaN) - 9
(3.5, 8.0, 0.0, NaN) - 8
(3.5, 8.0, 0.0, NaN) - 8
(3.5, 8.0, 0.0, NaN) - 9
(3.5, 8.0, 0.0, NaN) - 10
(3.5, 8.0, 0.0, NaN) - 8
(3.5, 8.0, 0.0, NaN) - 6
(3.5, 8.0, 0.0, NaN) - 9
(3.5, 8.0, 0.0, NaN) - 9
(3.5, 8.0, 0.0, NaN) - 8
(3.5, 8.0, 0.0, NaN) - 9
(3.5, 8.0, 0.0, NaN) - 9
(3.5, 8.0, 0.0, NaN) - 8
(3.5, 8.0, 0.0, NaN) - 9
(32.0, 8.0, 0.0, NaN) - 5
(32.0, 8.0, 0.0, NaN) - 5
(32.0, 8.0, 0.0, NaN) - 4
(32.0, 8.0, 0.0, NaN) - 4
(32.0, 8.0, 0.0, NaN) - 4
(32.0, 8.0, 0.0, NaN) - 3
(32.0, 8.0, 0.0, NaN) - 4
(32.0, 8.0, 0.0, NaN) - 5
(32.0, 8.0, 0.0, NaN) - 4
(32.0, 8.0, 0.0, NaN) - 4
(32.0, 8.0, 0.0, NaN) - 4
(32.0, 8.0, 0.0, NaN) - 5
(32.0, 8.0, 0.0, NaN) - 4
(32.0, 8.0, 0.0, NaN) - 4
(32.0, 8.0, 0.0, NaN) - 4
(32.0, 8.0, 0.0, NaN) - 4
(32.0, 8.0, 0.0, NaN) - 5
(32.0, 8.0, 0.0, NaN) - 4
(32.0, 8.0, 0.0, NaN) - 4
(32.0, 8.0, 0.0, NaN) - 4
(32.0, 8.0, 0.0, NaN) - 5
(32.0, 8.0, 0.0, NaN) - 5
(32.0, 8.0, 0.0, NaN) - 3
(32.0, 8.0, 0.0, NaN) - 6
(32.0, 8.0, 0.0, NaN) - 2
(2.0, 3.5, 0.0, NaN) - 7
(2.0, 3.5, 0.0, NaN) - 7
(2.0, 3.5, 0.0, NaN) - 7
(2.0, 3.5, 0.0, NaN) - 8
(2.0, 3.5, 0.0, NaN) - 9
(2.0, 3.5, 0.0, NaN) - 9
(2.0, 3.5, 0.0, NaN) - 10
(2.0, 3.5, 0.0, NaN) - 9
(2.0, 3.5, 0.0, NaN) - 8
(2.0, 3.5, 0.0, NaN) - 7
(2.0, 3.5, 0.0, NaN) - 9
(2.0, 3.5, 0.0, NaN) - 8
(2.0, 3.5, 0.0, NaN) - 7
(2.0, 3.5, 0.0, NaN) - 9
(2.0, 3.5, 0.0, NaN) - 8
(2.0, 3.5, 0.0, NaN) - 9
(2.0, 3.5, 0.0, NaN) - 9
(2.0, 3.5, 0.0, NaN) - 10
(2.0, 3.5, 0.0, NaN) - 9
(2.0, 3.5, 0.0, NaN) - 7
(2.0, 3.5, 0.0, NaN) - 10
(2.0, 3.5, 0.0, NaN) - 10
(2.0, 3.5, 0.0, NaN) - 9
(2.0, 3.5, 0.0, NaN) - 10
(2.0, 3.5, 0.0, NaN) - 9
(-16.0, -9.25, 0.0, NaN) - 6
(-16.0, -9.25, 0.0, NaN) - 6
(-16.0, -9.25, 0.0, NaN) - 6
(-16.0, -9.25, 0.0, NaN) - 2
(-16.0, -9.25, 0.0, NaN) - 4
(-16.0, -9.25, 0.0, NaN) - 4
(-16.0, -9.25, 0.0, NaN) - 4
(-16.0, -9.25, 0.0, NaN) - 5
(-16.0, -9.25, 0.0, NaN) - 6
(-16.0, -9.25, 0.0, NaN) - 4
(-16.0, -9.25, 0.0, NaN) - 6
(-16.0, -9.25, 0.0, NaN) - 3
(-16.0, -9.25, 0.0, NaN) - 6
(-16.0, -9.25, 0.0, NaN) - 6
(-16.0, -9.25, 0.0, NaN) - 4
(-16.0, -9.25, 0.0, NaN) - 4
(-16.0, -9.25, 0.0, NaN) - 5
(-16.0, -9.25, 0.0, NaN) - 5
(-16.0, -9.25, 0.0, NaN) - 4
(-16.0, -9.25, 0.0, NaN) - 6
(-16.0, -9.25, 0.0, NaN) - 6
(-16.0, -9.25, 0.0, NaN) - 5
(-16.0, -9.25, 0.0, NaN) - 4
(-16.0, -9.25, 0.0, NaN) - 3
(-16.0, -9.25, 0.0, NaN) - 6
(15.5, 8.0, 0.0, NaN) - 5
(15.5, 8.0, 0.0, NaN) - 5
(15.5, 8.0, 0.0, NaN) - 4
(15.5, 8.0, 0.0, NaN) - 6
(15.5, 8.0, 0.0, NaN) - 7
(15.5, 8.0, 0.0, NaN) - 6
(15.5, 8.0, 0.0, NaN) - 4
(15.5, 8.0, 0.0, NaN) - 6
(15.5, 8.0, 0.0, NaN) - 5
(15.5, 8.0, 0.0, NaN) - 4
(15.5, 8.0, 0.0, NaN) - 7
(15.5, 8.0, 0.0, NaN) - 9
(15.5, 8.0, 0.0, NaN) - 5
(15.5, 8.0, 0.0, NaN) - 5
(15.5, 8.0, 0.0, NaN) - 5
(15.5, 8.0, 0.0, NaN) - 6
(15.5, 8.0, 0.0, NaN) - 6
(15.5, 8.0, 0.0, NaN) - 4
(15.5, 8.0, 0.0, NaN) - 6
(15.5, 8.0, 0.0, NaN) - 6
(15.5, 8.0, 0.0, NaN) - 7
(15.5, 8.0, 0.0, NaN) - 5
(15.5, 8.0, 0.0, NaN) - 5
(15.5, 8.0, 0.0, NaN) - 9
(15.5, 8.0, 0.0, NaN) - 5
(-23.5, -10.75, 0.0, NaN) - 5
(-23.5, -10.75, 0.0, NaN) - 4
(-23.5, -10.75, 0.0, NaN) - 3
(-23.5, -10.75, 0.0, NaN) - 5
(-23.5, -10.75, 0.0, NaN) - 6
(-23.5, -10.75, 0.0, NaN) - 5
(-23.5, -10.75, 0.0, NaN) - 5
(-23.5, -10.75, 0.0, NaN) - 6
(-23.5, -10.75, 0.0, NaN) - 4
(-23.5, -10.75, 0.0, NaN) - 5
(-23.5, -10.75, 0.0, NaN) - 6
(-23.5, -10.75, 0.0, NaN) - 6
(-23.5, -10.75, 0.0, NaN) - 4
(-23.5, -10.75, 0.0, NaN) - 6
(-23.5, -10.75, 0.0, NaN) - 5
(-23.5, -10.75, 0.0, NaN) - 5
(-23.5, -10.75, 0.0, NaN) - 6
(-23.5, -10.75, 0.0, NaN) - 6
(-23.5, -10.75, 0.0, NaN) - 6
(-23.5, -10.75, 0.0, NaN) - 6
(-23.5, -10.75, 0.0, NaN) - 5
(-23.5, -10.75, 0.0, NaN) - 6
(-23.5, -10.75, 0.0, NaN) - 3
(-23.5, -10.75, 0.0, NaN) - 6
(-23.5, -10.75, 0.0, NaN) - 4
(0.5, -6.25, 0.0, NaN) - 7
(0.5, -6.25, 0.0, NaN) - 7
(0.5, -6.25, 0.0, NaN) - 7
(0.5, -6.25, 0.0, NaN) - 8
(0.5, -6.25, 0.0, NaN) - 6
(0.5, -6.25, 0.0, NaN) - 7
(0.5, -6.25, 0.0, NaN) - 8
(0.5, -6.25, 0.0, NaN) - 9
(0.5, -6.25, 0.0, NaN) - 7
(0.5, -6.25, 0.0, NaN) - 7
(0.5, -6.25, 0.0, NaN) - 7
(0.5, -6.25, 0.0, NaN) - 7
(0.5, -6.25, 0.0, NaN) - 8
(0.5, -6.25, 0.0, NaN) - 6
(0.5, -6.25, 0.0, NaN) - 8
(0.5, -6.25, 0.0, NaN) - 8
(0.5, -6.25, 0.0, NaN) - 6
(0.5, -6.25, 0.0, NaN) - 6
(0.5, -6.25, 0.0, NaN) - 9
(0.5, -6.25, 0.0, NaN) - 7
(0.5, -6.25, 0.0, NaN) - 5
(0.5, -6.25, 0.0, NaN) - 6
(0.5, -6.25, 0.0, NaN) - 5
(0.5, -6.25, 0.0, NaN) - 8
(0.5, -6.25, 0.0, NaN) - 7
(11.0, 5.0, 0.0, NaN) - 9
(11.0, 5.0, 0.0, NaN) - 7
(11.0, 5.0, 0.0, NaN) - 8
(11.0, 5.0, 0.0, NaN) - 7
(11.0, 5.0, 0.0, NaN) - 7
(11.0, 5.0, 0.0, NaN) - 7
(11.0, 5.0, 0.0, NaN) - 6
(11.0, 5.0, 0.0, NaN) - 6
(11.0, 5.0, 0.0, NaN) - 6
(11.0, 5.0, 0.0, NaN) - 10
(11.0, 5.0, 0.0, NaN) - 5
(11.0, 5.0, 0.0, NaN) - 6
(11.0, 5.0, 0.0, NaN) - 8
(11.0, 5.0, 0.0, NaN) - 7
(11.0, 5.0, 0.0, NaN) - 8
(11.0, 5.0, 0.0, NaN) - 10
(11.0, 5.0, 0.0, NaN) - 9
(11.0, 5.0, 0.0, NaN) - 8
(11.0, 5.0, 0.0, NaN) - 9
(11.0, 5.0, 0.0, NaN) - 6
(11.0, 5.0, 0.0, NaN) - 6
(11.0, 5.0, 0.0, NaN) - 7
(11.0, 5.0, 0.0, NaN) - 4
(11.0, 5.0, 0.0, NaN) - 8
(11.0, 5.0, 0.0, NaN) - 8
(14.0, 3.5, 0.0, NaN) - 7
(14.0, 3.5, 0.0, NaN) - 7
(14.0, 3.5, 0.0, NaN) - 8
(14.0, 3.5, 0.0, NaN) - 9
(14.0, 3.5, 0.0, NaN) - 7
(14.0, 3.5, 0.0, NaN) - 7
(14.0, 3.5, 0.0, NaN) - 7
(14.0, 3.5, 0.0, NaN) - 6
(14.0, 3.5, 0.0, NaN) - 7
(14.0, 3.5, 0.0, NaN) - 6
(14.0, 3.5, 0.0, NaN) - 5
(14.0, 3.5, 0.0, NaN) - 5
(14.0, 3.5, 0.0, NaN) - 9
(14.0, 3.5, 0.0, NaN) - 6
(14.0, 3.5, 0.0, NaN) - 7
(14.0, 3.5, 0.0, NaN) - 8
(14.0, 3.5, 0.0, NaN) - 5
(14.0, 3.5, 0.0, NaN) - 8
(14.0, 3.5, 0.0, NaN) - 6
(14.0, 3.5, 0.0, NaN) - 4
(14.0, 3.5, 0.0, NaN) - 6
(14.0, 3.5, 0.0, NaN) - 9
(14.0, 3.5, 0.0, NaN) - 8
(14.0, 3.5, 0.0, NaN) - 8
(14.0, 3.5, 0.0, NaN) - 7
(2.0, 11.0, 0.0, NaN) - 7
(2.0, 11.0, 0.0, NaN) - 5
(2.0, 11.0, 0.0, NaN) - 7
(2.0, 11.0, 0.0, NaN) - 6
(2.0, 11.0, 0.0, NaN) - 7
(2.0, 11.0, 0.0, NaN) - 8
(2.0, 11.0, 0.0, NaN) - 9
(2.0, 11.0, 0.0, NaN) - 7
(2.0, 11.0, 0.0, NaN) - 8
(2.0, 11.0, 0.0, NaN) - 6
(2.0, 11.0, 0.0, NaN) - 8
(2.0, 11.0, 0.0, NaN) - 8
(2.0, 11.0, 0.0, NaN) - 7
(2.0, 11.0, 0.0, NaN) - 6
(2.0, 11.0, 0.0, NaN) - 7
(2.0, 11.0, 0.0, NaN) - 8
(2.0, 11.0, 0.0, NaN) - 5
(2.0, 11.0, 0.0, NaN) - 9
(2.0, 11.0, 0.0, NaN) - 7
(2.0, 11.0, 0.0, NaN) - 6
(2.0, 11.0, 0.0, NaN) - 8
(2.0, 11.0, 0.0, NaN) - 9
(2.0, 11.0, 0.0, NaN) - 7
(2.0, 11.0, 0.0, NaN) - 8
(2.0, 11.0, 0.0, NaN) - 8
(-4.0, -9.25, 0.0, NaN) - 5
(-4.0, -9.25, 0.0, NaN) - 5
(-4.0, -9.25, 0.0, NaN) - 6
(-4.0, -9.25, 0.0, NaN) - 5
(-4.0, -9.25, 0.0, NaN) - 3
(-4.0, -9.25, 0.0, NaN) - 5
(-4.0, -9.25, 0.0, NaN) - 5
(-4.0, -9.25, 0.0, NaN) - 4
(-4.0, -9.25, 0.0, NaN) - 5
(-4.0, -9.25, 0.0, NaN) - 4
(-4.0, -9.25, 0.0, NaN) - 6
(-4.0, -9.25, 0.0, NaN) - 5
(-4.0, -9.25, 0.0, NaN) - 5
(-4.0, -9.25, 0.0, NaN) - 5
(-4.0, -9.25, 0.0, NaN) - 5
(-4.0, -9.25, 0.0, NaN) - 5
(-4.0, -9.25, 0.0, NaN) - 4
(-4.0, -9.25, 0.0, NaN) - 5
(-4.0, -9.25, 0.0, NaN) - 6
(-4.0, -9.25, 0.0, NaN) - 5
(-4.0, -9.25, 0.0, NaN) - 6
(-4.0, -9.25, 0.0, NaN) - 5
(-4.0, -9.25, 0.0, NaN) - 6
(-4.0, -9.25, 0.0, NaN) - 5
(-4.0, -9.25, 0.0, NaN) - 6
(27.5, 8.0, 0.0, NaN) - 3
(27.5, 8.0, 0.0, NaN) - 3
(27.5, 8.0, 0.0, NaN) - 5
(27.5, 8.0, 0.0, NaN) - 3
(27.5, 8.0, 0.0, NaN) - 5
(27.5, 8.0, 0.0, NaN) - 5
(27.5, 8.0, 0.0, NaN) - 4
(27.5, 8.0, 0.0, NaN) - 5
(27.5, 8.0, 0.0, NaN) - 6
(27.5, 8.0, 0.0, NaN) - 3
(27.5, 8.0, 0.0, NaN) - 5
(27.5, 8.0, 0.0, NaN) - 5
(27.5, 8.0, 0.0, NaN) - 5
(27.5, 8.0, 0.0, NaN) - 5
(27.5, 8.0, 0.0, NaN) - 5
(27.5, 8.0, 0.0, NaN) - 5
(27.5, 8.0, 0.0, NaN) - 4
(27.5, 8.0, 0.0, NaN) - 4
(27.5, 8.0, 0.0, NaN) - 5
(27.5, 8.0, 0.0, NaN) - 5
(27.5, 8.0, 0.0, NaN) - 4
(27.5, 8.0, 0.0, NaN) - 4
(27.5, 8.0, 0.0, NaN) - 5
(27.5, 8.0, 0.0, NaN) - 4
(27.5, 8.0, 0.0, NaN) - 7
(-11.5, -10.75, 0.0, NaN) - 6
(-11.5, -10.75, 0.0, NaN) - 5
(-11.5, -10.75, 0.0, NaN) - 6
(-11.5, -10.75, 0.0, NaN) - 6
(-11.5, -10.75, 0.0, NaN) - 5
(-11.5, -10.75, 0.0, NaN) - 6
(-11.5, -10.75, 0.0, NaN) - 5
(-11.5, -10.75, 0.0, NaN) - 5
(-11.5, -10.75, 0.0, NaN) - 6
(-11.5, -10.75, 0.0, NaN) - 4
(-11.5, -10.75, 0.0, NaN) - 6
(-11.5, -10.75, 0.0, NaN) - 4
(-11.5, -10.75, 0.0, NaN) - 6
(-11.5, -10.75, 0.0, NaN) - 6
(-11.5, -10.75, 0.0, NaN) - 4
(-11.5, -10.75, 0.0, NaN) - 4
(-11.5, -10.75, 0.0, NaN) - 4
(-11.5, -10.75, 0.0, NaN) - 5
(-11.5, -10.75, 0.0, NaN) - 6
(-11.5, -10.75, 0.0, NaN) - 6
(-11.5, -10.75, 0.0, NaN) - 5
(-11.5, -10.75, 0.0, NaN) - 6
(-11.5, -10.75, 0.0, NaN) - 5
(-11.5, -10.75, 0.0, NaN) - 5
(-11.5, -10.75, 0.0, NaN) - 5
(23.0, 5.0, 0.0, NaN) - 5
(23.0, 5.0, 0.0, NaN) - 3
(23.0, 5.0, 0.0, NaN) - 4
(23.0, 5.0, 0.0, NaN) - 5
(23.0, 5.0, 0.0, NaN) - 5
(23.0, 5.0, 0.0, NaN) - 5
(23.0, 5.0, 0.0, NaN) - 4
(23.0, 5.0, 0.0, NaN) - 4
(23.0, 5.0, 0.0, NaN) - 5
(23.0, 5.0, 0.0, NaN) - 3
(23.0, 5.0, 0.0, NaN) - 4
(23.0, 5.0, 0.0, NaN) - 5
(23.0, 5.0, 0.0, NaN) - 4
(23.0, 5.0, 0.0, NaN) - 4
(23.0, 5.0, 0.0, NaN) - 5
(23.0, 5.0, 0.0, NaN) - 4
(23.0, 5.0, 0.0, NaN) - 5
(23.0, 5.0, 0.0, NaN) - 4
(23.0, 5.0, 0.0, NaN) - 3
(23.0, 5.0, 0.0, NaN) - 5
(23.0, 5.0, 0.0, NaN) - 5
(23.0, 5.0, 0.0, NaN) - 4
(23.0, 5.0, 0.0, NaN) - 5
(23.0, 5.0, 0.0, NaN) - 3
(23.0, 5.0, 0.0, NaN) - 4
(26.0, 3.5, 0.0, NaN) - 4
(26.0, 3.5, 0.0, NaN) - 6
(26.0, 3.5, 0.0, NaN) - 7
(26.0, 3.5, 0.0, NaN) - 5
(26.0, 3.5, 0.0, NaN) - 3
(26.0, 3.5, 0.0, NaN) - 5
(26.0, 3.5, 0.0, NaN) - 7
(26.0, 3.5, 0.0, NaN) - 6
(26.0, 3.5, 0.0, NaN) - 6
(26.0, 3.5, 0.0, NaN) - 5
(26.0, 3.5, 0.0, NaN) - 3
(26.0, 3.5, 0.0, NaN) - 5
(26.0, 3.5, 0.0, NaN) - 3
(26.0, 3.5, 0.0, NaN) - 4
(26.0, 3.5, 0.0, NaN) - 3
(26.0, 3.5, 0.0, NaN) - 4
(26.0, 3.5, 0.0, NaN) - 5
(26.0, 3.5, 0.0, NaN) - 5
(26.0, 3.5, 0.0, NaN) - 4
(26.0, 3.5, 0.0, NaN) - 2
(26.0, 3.5, 0.0, NaN) - 5
(26.0, 3.5, 0.0, NaN) - 3
(26.0, 3.5, 0.0, NaN) - 6
(26.0, 3.5, 0.0, NaN) - 5
(26.0, 3.5, 0.0, NaN) - 4
(2.0, -6.25, 0.0, NaN) - 5
(2.0, -6.25, 0.0, NaN) - 7
(2.0, -6.25, 0.0, NaN) - 6
(2.0, -6.25, 0.0, NaN) - 8
(2.0, -6.25, 0.0, NaN) - 8
(2.0, -6.25, 0.0, NaN) - 9
(2.0, -6.25, 0.0, NaN) - 7
(2.0, -6.25, 0.0, NaN) - 7
(2.0, -6.25, 0.0, NaN) - 8
(2.0, -6.25, 0.0, NaN) - 6
(2.0, -6.25, 0.0, NaN) - 6
(2.0, -6.25, 0.0, NaN) - 8
(2.0, -6.25, 0.0, NaN) - 7
(2.0, -6.25, 0.0, NaN) - 8
(2.0, -6.25, 0.0, NaN) - 7
(2.0, -6.25, 0.0, NaN) - 8
(2.0, -6.25, 0.0, NaN) - 7
(2.0, -6.25, 0.0, NaN) - 7
(2.0, -6.25, 0.0, NaN) - 8
(2.0, -6.25, 0.0, NaN) - 6
(2.0, -6.25, 0.0, NaN) - 6
(2.0, -6.25, 0.0, NaN) - 9
(2.0, -6.25, 0.0, NaN) - 8
(2.0, -6.25, 0.0, NaN) - 8
(2.0, -6.25, 0.0, NaN) - 6
(9.5, 3.5, 0.0, NaN) - 7
(9.5, 3.5, 0.0, NaN) - 6
(9.5, 3.5, 0.0, NaN) - 9
(9.5, 3.5, 0.0, NaN) - 9
(9.5, 3.5, 0.0, NaN) - 9
(9.5, 3.5, 0.0, NaN) - 6
(9.5, 3.5, 0.0, NaN) - 9
(9.5, 3.5, 0.0, NaN) - 8
(9.5, 3.5, 0.0, NaN) - 8
(9.5, 3.5, 0.0, NaN) - 6
(9.5, 3.5, 0.0, NaN) - 8
(9.5, 3.5, 0.0, NaN) - 7
(9.5, 3.5, 0.0, NaN) - 8
(9.5, 3.5, 0.0, NaN) - 4
(9.5, 3.5, 0.0, NaN) - 8
(9.5, 3.5, 0.0, NaN) - 8
(9.5, 3.5, 0.0, NaN) - 9
(9.5, 3.5, 0.0, NaN) - 5
(9.5, 3.5, 0.0, NaN) - 6
(9.5, 3.5, 0.0, NaN) - 8
(9.5, 3.5, 0.0, NaN) - 6
(9.5, 3.5, 0.0, NaN) - 10
(9.5, 3.5, 0.0, NaN) - 8
(9.5, 3.5, 0.0, NaN) - 6
(9.5, 3.5, 0.0, NaN) - 9
(0.5, 9.5, 0.0, NaN) - 9
(0.5, 9.5, 0.0, NaN) - 5
(0.5, 9.5, 0.0, NaN) - 7
(0.5, 9.5, 0.0, NaN) - 8
(0.5, 9.5, 0.0, NaN) - 5
(0.5, 9.5, 0.0, NaN) - 9
(0.5, 9.5, 0.0, NaN) - 5
(0.5, 9.5, 0.0, NaN) - 8
(0.5, 9.5, 0.0, NaN) - 5
(0.5, 9.5, 0.0, NaN) - 8
(0.5, 9.5, 0.0, NaN) - 4
(0.5, 9.5, 0.0, NaN) - 8
(0.5, 9.5, 0.0, NaN) - 7
(0.5, 9.5, 0.0, NaN) - 8
(0.5, 9.5, 0.0, NaN) - 6
(0.5, 9.5, 0.0, NaN) - 6
(0.5, 9.5, 0.0, NaN) - 5
(0.5, 9.5, 0.0, NaN) - 9
(0.5, 9.5, 0.0, NaN) - 6
(0.5, 9.5, 0.0, NaN) - 7
(0.5, 9.5, 0.0, NaN) - 5
(0.5, 9.5, 0.0, NaN) - 6
(0.5, 9.5, 0.0, NaN) - 8
(0.5, 9.5, 0.0, NaN) - 7
(0.5, 9.5, 0.0, NaN) - 8
(0.5, -15.25, 0.0, NaN) - 5
(0.5, -15.25, 0.0, NaN) - 7
(0.5, -15.25, 0.0, NaN) - 7
(0.5, -15.25, 0.0, NaN) - 6
(0.5, -15.25, 0.0, NaN) - 6
(0.5, -15.25, 0.0, NaN) - 6
(0.5, -15.25, 0.0, NaN) - 5
(0.5, -15.25, 0.0, NaN) - 6
(0.5, -15.25, 0.0, NaN) - 2
(0.5, -15.25, 0.0, NaN) - 7
(0.5, -15.25, 0.0, NaN) - 7
(0.5, -15.25, 0.0, NaN) - 7
(0.5, -15.25, 0.0, NaN) - 6
(0.5, -15.25, 0.0, NaN) - 6
(0.5, -15.25, 0.0, NaN) - 5
(0.5, -15.25, 0.0, NaN) - 5
(0.5, -15.25, 0.0, NaN) - 7
(0.5, -15.25, 0.0, NaN) - 6
(0.5, -15.25, 0.0, NaN) - 6
(0.5, -15.25, 0.0, NaN) - 5
(0.5, -15.25, 0.0, NaN) - 6
(0.5, -15.25, 0.0, NaN) - 7
(0.5, -15.25, 0.0, NaN) - 5
(0.5, -15.25, 0.0, NaN) - 8
(0.5, -15.25, 0.0, NaN) - 3
(2.0, 2.0, 0.0, NaN) - 7
(2.0, 2.0, 0.0, NaN) - 7
(2.0, 2.0, 0.0, NaN) - 8
(2.0, 2.0, 0.0, NaN) - 8
(2.0, 2.0, 0.0, NaN) - 8
(2.0, 2.0, 0.0, NaN) - 8
(2.0, 2.0, 0.0, NaN) - 9
(2.0, 2.0, 0.0, NaN) - 8
(2.0, 2.0, 0.0, NaN) - 9
(2.0, 2.0, 0.0, NaN) - 7
(2.0, 2.0, 0.0, NaN) - 6
(2.0, 2.0, 0.0, NaN) - 8
(2.0, 2.0, 0.0, NaN) - 8
(2.0, 2.0, 0.0, NaN) - 9
(2.0, 2.0, 0.0, NaN) - 10
(2.0, 2.0, 0.0, NaN) - 8
(2.0, 2.0, 0.0, NaN) - 7
(2.0, 2.0, 0.0, NaN) - 9
(2.0, 2.0, 0.0, NaN) - 8
(2.0, 2.0, 0.0, NaN) - 7
(2.0, 2.0, 0.0, NaN) - 7
(2.0, 2.0, 0.0, NaN) - 7
(2.0, 2.0, 0.0, NaN) - 7
(2.0, 2.0, 0.0, NaN) - 9
(2.0, 2.0, 0.0, NaN) - 9
(-16.0, -10.75, 0.0, NaN) - 5
(-16.0, -10.75, 0.0, NaN) - 5
(-16.0, -10.75, 0.0, NaN) - 6
(-16.0, -10.75, 0.0, NaN) - 4
(-16.0, -10.75, 0.0, NaN) - 6
(-16.0, -10.75, 0.0, NaN) - 6
(-16.0, -10.75, 0.0, NaN) - 4
(-16.0, -10.75, 0.0, NaN) - 5
(-16.0, -10.75, 0.0, NaN) - 5
(-16.0, -10.75, 0.0, NaN) - 5
(-16.0, -10.75, 0.0, NaN) - 6
(-16.0, -10.75, 0.0, NaN) - 5
(-16.0, -10.75, 0.0, NaN) - 5
(-16.0, -10.75, 0.0, NaN) - 5
(-16.0, -10.75, 0.0, NaN) - 6
(-16.0, -10.75, 0.0, NaN) - 5
(-16.0, -10.75, 0.0, NaN) - 6
(-16.0, -10.75, 0.0, NaN) - 5
(-16.0, -10.75, 0.0, NaN) - 5
(-16.0, -10.75, 0.0, NaN) - 3
(-16.0, -10.75, 0.0, NaN) - 5
(-16.0, -10.75, 0.0, NaN) - 6
(-16.0, -10.75, 0.0, NaN) - 6
(-16.0, -10.75, 0.0, NaN) - 5
(-16.0, -10.75, 0.0, NaN) - 4
(21.5, 3.5, 0.0, NaN) - 4
(21.5, 3.5, 0.0, NaN) - 8
(21.5, 3.5, 0.0, NaN) - 8
(21.5, 3.5, 0.0, NaN) - 5
(21.5, 3.5, 0.0, NaN) - 5
(21.5, 3.5, 0.0, NaN) - 5
(21.5, 3.5, 0.0, NaN) - 6
(21.5, 3.5, 0.0, NaN) - 4
(21.5, 3.5, 0.0, NaN) - 4
(21.5, 3.5, 0.0, NaN) - 7
(21.5, 3.5, 0.0, NaN) - 7
(21.5, 3.5, 0.0, NaN) - 1
(21.5, 3.5, 0.0, NaN) - 4
(21.5, 3.5, 0.0, NaN) - 7
(21.5, 3.5, 0.0, NaN) - 4
(21.5, 3.5, 0.0, NaN) - 7
(21.5, 3.5, 0.0, NaN) - 8
(21.5, 3.5, 0.0, NaN) - 4
(21.5, 3.5, 0.0, NaN) - 5
(21.5, 3.5, 0.0, NaN) - 5
(21.5, 3.5, 0.0, NaN) - 8
(21.5, 3.5, 0.0, NaN) - 4
(21.5, 3.5, 0.0, NaN) - 5
(21.5, 3.5, 0.0, NaN) - 5
(21.5, 3.5, 0.0, NaN) - 8
(0.5, -7.75, 0.0, NaN) - 7
(0.5, -7.75, 0.0, NaN) - 7
(0.5, -7.75, 0.0, NaN) - 5
(0.5, -7.75, 0.0, NaN) - 6
(0.5, -7.75, 0.0, NaN) - 6
(0.5, -7.75, 0.0, NaN) - 8
(0.5, -7.75, 0.0, NaN) - 9
(0.5, -7.75, 0.0, NaN) - 9
(0.5, -7.75, 0.0, NaN) - 8
(0.5, -7.75, 0.0, NaN) - 6
(0.5, -7.75, 0.0, NaN) - 9
(0.5, -7.75, 0.0, NaN) - 6
(0.5, -7.75, 0.0, NaN) - 8
(0.5, -7.75, 0.0, NaN) - 9
(0.5, -7.75, 0.0, NaN) - 8
(0.5, -7.75, 0.0, NaN) - 7
(0.5, -7.75, 0.0, NaN) - 7
(0.5, -7.75, 0.0, NaN) - 8
(0.5, -7.75, 0.0, NaN) - 7
(0.5, -7.75, 0.0, NaN) - 8
(0.5, -7.75, 0.0, NaN) - 6
(0.5, -7.75, 0.0, NaN) - 7
(0.5, -7.75, 0.0, NaN) - 7
(0.5, -7.75, 0.0, NaN) - 9
(0.5, -7.75, 0.0, NaN) - 8
(5.0, 8.0, 0.0, NaN) - 8
(5.0, 8.0, 0.0, NaN) - 9
(5.0, 8.0, 0.0, NaN) - 8
(5.0, 8.0, 0.0, NaN) - 9
(5.0, 8.0, 0.0, NaN) - 9
(5.0, 8.0, 0.0, NaN) - 6
(5.0, 8.0, 0.0, NaN) - 9
(5.0, 8.0, 0.0, NaN) - 10
(5.0, 8.0, 0.0, NaN) - 6
(5.0, 8.0, 0.0, NaN) - 9
(5.0, 8.0, 0.0, NaN) - 10
(5.0, 8.0, 0.0, NaN) - 7
(5.0, 8.0, 0.0, NaN) - 4
(5.0, 8.0, 0.0, NaN) - 8
(5.0, 8.0, 0.0, NaN) - 9
(5.0, 8.0, 0.0, NaN) - 6
(5.0, 8.0, 0.0, NaN) - 7
(5.0, 8.0, 0.0, NaN) - 8
(5.0, 8.0, 0.0, NaN) - 9
(5.0, 8.0, 0.0, NaN) - 9
(5.0, 8.0, 0.0, NaN) - 9
(5.0, 8.0, 0.0, NaN) - 7
(5.0, 8.0, 0.0, NaN) - 8
(5.0, 8.0, 0.0, NaN) - 9
(5.0, 8.0, 0.0, NaN) - 5
(-4.0, -10.75, 0.0, NaN) - 5
(-4.0, -10.75, 0.0, NaN) - 5
(-4.0, -10.75, 0.0, NaN) - 6
(-4.0, -10.75, 0.0, NaN) - 5
(-4.0, -10.75, 0.0, NaN) - 4
(-4.0, -10.75, 0.0, NaN) - 6
(-4.0, -10.75, 0.0, NaN) - 7
(-4.0, -10.75, 0.0, NaN) - 5
(-4.0, -10.75, 0.0, NaN) - 6
(-4.0, -10.75, 0.0, NaN) - 6
(-4.0, -10.75, 0.0, NaN) - 7
(-4.0, -10.75, 0.0, NaN) - 6
(-4.0, -10.75, 0.0, NaN) - 5
(-4.0, -10.75, 0.0, NaN) - 6
(-4.0, -10.75, 0.0, NaN) - 5
(-4.0, -10.75, 0.0, NaN) - 6
(-4.0, -10.75, 0.0, NaN) - 5
(-4.0, -10.75, 0.0, NaN) - 5
(-4.0, -10.75, 0.0, NaN) - 6
(-4.0, -10.75, 0.0, NaN) - 7
(-4.0, -10.75, 0.0, NaN) - 5
(-4.0, -10.75, 0.0, NaN) - 5
(-4.0, -10.75, 0.0, NaN) - 6
(-4.0, -10.75, 0.0, NaN) - 5
(-4.0, -10.75, 0.0, NaN) - 6
(2.0, -15.25, 0.0, NaN) - 5
(2.0, -15.25, 0.0, NaN) - 8
(2.0, -15.25, 0.0, NaN) - 7
(2.0, -15.25, 0.0, NaN) - 5
(2.0, -15.25, 0.0, NaN) - 6
(2.0, -15.25, 0.0, NaN) - 6
(2.0, -15.25, 0.0, NaN) - 7
(2.0, -15.25, 0.0, NaN) - 7
(2.0, -15.25, 0.0, NaN) - 7
(2.0, -15.25, 0.0, NaN) - 8
(2.0, -15.25, 0.0, NaN) - 7
(2.0, -15.25, 0.0, NaN) - 7
(2.0, -15.25, 0.0, NaN) - 6
(2.0, -15.25, 0.0, NaN) - 7
(2.0, -15.25, 0.0, NaN) - 5
(2.0, -15.25, 0.0, NaN) - 7
(2.0, -15.25, 0.0, NaN) - 6
(2.0, -15.25, 0.0, NaN) - 6
(2.0, -15.25, 0.0, NaN) - 5
(2.0, -15.25, 0.0, NaN) - 6
(2.0, -15.25, 0.0, NaN) - 7
(2.0, -15.25, 0.0, NaN) - 5
(2.0, -15.25, 0.0, NaN) - 7
(2.0, -15.25, 0.0, NaN) - 6
(2.0, -15.25, 0.0, NaN) - 7
(-14.5, -9.25, 0.0, NaN) - 6
(-14.5, -9.25, 0.0, NaN) - 5
(-14.5, -9.25, 0.0, NaN) - 6
(-14.5, -9.25, 0.0, NaN) - 5
(-14.5, -9.25, 0.0, NaN) - 6
(-14.5, -9.25, 0.0, NaN) - 3
(-14.5, -9.25, 0.0, NaN) - 6
(-14.5, -9.25, 0.0, NaN) - 6
(-14.5, -9.25, 0.0, NaN) - 5
(-14.5, -9.25, 0.0, NaN) - 6
(-14.5, -9.25, 0.0, NaN) - 5
(-14.5, -9.25, 0.0, NaN) - 5
(-14.5, -9.25, 0.0, NaN) - 4
(-14.5, -9.25, 0.0, NaN) - 6
(-14.5, -9.25, 0.0, NaN) - 6
(-14.5, -9.25, 0.0, NaN) - 6
(-14.5, -9.25, 0.0, NaN) - 6
(-14.5, -9.25, 0.0, NaN) - 4
(-14.5, -9.25, 0.0, NaN) - 6
(-14.5, -9.25, 0.0, NaN) - 5
(-14.5, -9.25, 0.0, NaN) - 6
(-14.5, -9.25, 0.0, NaN) - 6
(-14.5, -9.25, 0.0, NaN) - 6
(-14.5, -9.25, 0.0, NaN) - 4
(-14.5, -9.25, 0.0, NaN) - 5
(0.5, 0.5, 0.0, NaN) - 7
(0.5, 0.5, 0.0, NaN) - 9
(0.5, 0.5, 0.0, NaN) - 8
(0.5, 0.5, 0.0, NaN) - 8
(0.5, 0.5, 0.0, NaN) - 9
(0.5, 0.5, 0.0, NaN) - 9
(0.5, 0.5, 0.0, NaN) - 7
(0.5, 0.5, 0.0, NaN) - 7
(0.5, 0.5, 0.0, NaN) - 10
(0.5, 0.5, 0.0, NaN) - 7
(0.5, 0.5, 0.0, NaN) - 7
(0.5, 0.5, 0.0, NaN) - 8
(0.5, 0.5, 0.0, NaN) - 8
(0.5, 0.5, 0.0, NaN) - 10
(0.5, 0.5, 0.0, NaN) - 6
(0.5, 0.5, 0.0, NaN) - 9
(0.5, 0.5, 0.0, NaN) - 7
(0.5, 0.5, 0.0, NaN) - 9
(0.5, 0.5, 0.0, NaN) - 9
(0.5, 0.5, 0.0, NaN) - 9
(0.5, 0.5, 0.0, NaN) - 9
(0.5, 0.5, 0.0, NaN) - 8
(0.5, 0.5, 0.0, NaN) - 8
(0.5, 0.5, 0.0, NaN) - 8
(0.5, 0.5, 0.0, NaN) - 8