(-23.9, -9.65, 0.0, NaN) - 11
(-23.9, -9.65, 0.0, NaN) - 10
(-23.9, -9.65, 0.0, NaN) - 10
(-23.9, -9.65, 0.0, NaN) - 7
(-23.9, -9.65, 0.0, NaN) - 8
(-23.0, -10.55, 0.0, NaN) - 9
(-23.0, -10.55, 0.0, NaN) - 8
(-23.0, -10.55, 0.0, NaN) - 8
(-23.0, -10.55, 0.0, NaN) - 9
(-23.0, -10.55, 0.0, NaN) - 7
(-19.65, -10.7, 0.0, NaN) - 8
(-19.65, -10.7, 0.0, NaN) - 10
(-19.65, -10.7, 0.0, NaN) - 8
(-19.65, -10.7, 0.0, NaN) - 8
(-19.65, -10.7, 0.0, NaN) - 10
(-17.35, -11.2, 0.0, NaN) - 10
(-17.35, -11.2, 0.0, NaN) - 10
(-17.35, -11.2, 0.0, NaN) - 10
(-17.35, -11.2, 0.0, NaN) - 10
(-17.35, -11.2, 0.0, NaN) - 9
(-15.5, -9.6, 0.0, NaN) - 12
(-15.5, -9.6, 0.0, NaN) - 10
(-15.5, -9.6, 0.0, NaN) - 8
(-15.5, -9.6, 0.0, NaN) - 10
(-15.5, -9.6, 0.0, NaN) - 9
(-12.9, -10.5, 0.0, NaN) - 8
(-12.9, -10.5, 0.0, NaN) - 11
(-12.9, -10.5, 0.0, NaN) - 9
(-12.9, -10.5, 0.0, NaN) - 8
(-12.9, -10.5, 0.0, NaN) - 11
(-10.55, -9.9, 0.0, NaN) - 9
(-10.55, -9.9, 0.0, NaN) - 10
(-10.55, -9.9, 0.0, NaN) - 12
(-10.55, -9.9, 0.0, NaN) - 10
(-10.55, -9.9, 0.0, NaN) - 9
(-9.2, -10.75, 0.0, NaN) - 10
(-9.2, -10.75, 0.0, NaN) - 8
(-9.2, -10.75, 0.0, NaN) - 13
(-9.2, -10.75, 0.0, NaN) - 11
(-9.2, -10.75, 0.0, NaN) - 10
(-6.35, -10.2, 0.0, NaN) - 8
(-6.35, -10.2, 0.0, NaN) - 9
(-6.35, -10.2, 0.0, NaN) - 11
(-6.35, -10.2, 0.0, NaN) - 10
(-6.35, -10.2, 0.0, NaN) - 10
(-4.1, -9.9, 0.0, NaN) - 11
(-4.1, -9.9, 0.0, NaN) - 10
(-4.1, -9.9, 0.0, NaN) - 10
(-4.1, -9.9, 0.0, NaN) - 12
(-4.1, -9.9, 0.0, NaN) - 10
(-2.05, -11.1, 0.0, NaN) - 11
(-2.05, -11.1, 0.0, NaN) - 14
(-2.05, -11.1, 0.0, NaN) - 12
(-2.05, -11.1, 0.0, NaN) - 10
(-2.05, -11.1, 0.0, NaN) - 13
(-0.95, -9.95, 0.0, NaN) - 12
(-0.95, -9.95, 0.0, NaN) - 12
(-0.95, -9.95, 0.0, NaN) - 12
(-0.95, -9.95, 0.0, NaN) - 11
(-0.95, -9.95, 0.0, NaN) - 13
(0.85, -18.55, 0.0, NaN) - 10
(0.85, -18.55, 0.0, NaN) - 10
(0.85, -18.55, 0.0, NaN) - 10
(0.85, -18.55, 0.0, NaN) - 10
(0.85, -18.55, 0.0, NaN) - 10
(1.15, -15.15, 0.0, NaN) - 10
(1.15, -15.15, 0.0, NaN) - 13
(1.15, -15.15, 0.0, NaN) - 12
(1.15, -15.15, 0.0, NaN) - 10
(1.15, -15.15, 0.0, NaN) - 12
(0.75, -13.05, 0.0, NaN) - 13
(0.75, -13.05, 0.0, NaN) - 14
(0.75, -13.05, 0.0, NaN) - 15
(0.75, -13.05, 0.0, NaN) - 13
(0.75, -13.05, 0.0, NaN) - 13
(1.55, -11.95, 0.0, NaN) - 11
(1.55, -11.95, 0.0, NaN) - 12
(1.55, -11.95, 0.0, NaN) - 13
(1.55, -11.95, 0.0, NaN) - 12
(1.55, -11.95, 0.0, NaN) - 11
(1.2, -9.05, 0.0, NaN) - 12
(1.2, -9.05, 0.0, NaN) - 10
(1.2, -9.05, 0.0, NaN) - 14
(1.2, -9.05, 0.0, NaN) - 14
(1.2, -9.05, 0.0, NaN) - 14
(1.65, -6.3, 0.0, NaN) - 16
(1.65, -6.3, 0.0, NaN) - 13
(1.65, -6.3, 0.0, NaN) - 12
(1.65, -6.3, 0.0, NaN) - 10
(1.65, -6.3, 0.0, NaN) - 14
(1.2, -3.7, 0.0, NaN) - 14
(1.2, -3.7, 0.0, NaN) - 14
(1.2, -3.7, 0.0, NaN) - 13
(1.2, -3.7, 0.0, NaN) - 13
(1.2, -3.7, 0.0, NaN) - 9
(1.85, -2.25, 0.0, NaN) - 12
(1.85, -2.25, 0.0, NaN) - 14
(1.85, -2.25, 0.0, NaN) - 13
(1.85, -2.25, 0.0, NaN) - 14
(1.85, -2.25, 0.0, NaN) - 12
(1.71, 1.81, 0.0, NaN) - 15
(1.71, 1.81, 0.0, NaN) - 14
(1.71, 1.81, 0.0, NaN) - 14
(1.71, 1.81, 0.0, NaN) - 13
(1.71, 1.81, 0.0, NaN) - 11
(2.02, 7.45, 0.0, NaN) - 13
(2.02, 7.45, 0.0, NaN) - 15
(2.02, 7.45, 0.0, NaN) - 10
(2.02, 7.45, 0.0, NaN) - 15
(2.02, 7.45, 0.0, NaN) - 14
(2.49, 7.6, 0.0, NaN) - 12
(2.49, 7.6, 0.0, NaN) - 10
(2.49, 7.6, 0.0, NaN) - 16
(2.49, 7.6, 0.0, NaN) - 6
(2.49, 7.6, 0.0, NaN) - 15
(1.52, 9.32, 0.0, NaN) - 13
(1.52, 9.32, 0.0, NaN) - 11
(1.52, 9.32, 0.0, NaN) - 13
(1.52, 9.32, 0.0, NaN) - 12
(1.52, 9.32, 0.0, NaN) - 10
(0.78, 10.94, 0.0, NaN) - 11
(0.78, 10.94, 0.0, NaN) - 9
(0.78, 10.94, 0.0, NaN) - 10
(0.78, 10.94, 0.0, NaN) - 12
(0.78, 10.94, 0.0, NaN) - 10
(1.39, 6.61, 0.0, NaN) - 14
(1.39, 6.61, 0.0, NaN) - 11
(1.39, 6.61, 0.0, NaN) - 12
(1.39, 6.61, 0.0, NaN) - 13
(1.39, 6.61, 0.0, NaN) - 10
(4.51, 7.63, 0.0, NaN) - 14
(4.51, 7.63, 0.0, NaN) - 15
(4.51, 7.63, 0.0, NaN) - 12
(4.51, 7.63, 0.0, NaN) - 13
(4.51, 7.63, 0.0, NaN) - 14
(6.0, 7.88, 0.0, NaN) - 9
(6.0, 7.88, 0.0, NaN) - 13
(6.0, 7.88, 0.0, NaN) - 12
(6.0, 7.88, 0.0, NaN) - 13
(6.0, 7.88, 0.0, NaN) - 13
(9.08, 7.24, 0.0, NaN) - 6
(9.08, 7.24, 0.0, NaN) - 12
(9.08, 7.24, 0.0, NaN) - 10
(9.08, 7.24, 0.0, NaN) - 11
(9.08, 7.24, 0.0, NaN) - 10
(10.62, 3.87, 0.0, NaN) - 13
(10.62, 3.87, 0.0, NaN) - 11
(10.62, 3.87, 0.0, NaN) - 12
(10.62, 3.87, 0.0, NaN) - 11
(10.62, 3.87, 0.0, NaN) - 12
(10.99, 7.19, 0.0, NaN) - 9
(10.99, 7.19, 0.0, NaN) - 12
(10.99, 7.19, 0.0, NaN) - 11
(10.99, 7.19, 0.0, NaN) - 10
(10.99, 7.19, 0.0, NaN) - 12
(11.76, 7.76, 0.0, NaN) - 10
(11.76, 7.76, 0.0, NaN) - 10
(11.76, 7.76, 0.0, NaN) - 13
(11.76, 7.76, 0.0, NaN) - 9
(11.76, 7.76, 0.0, NaN) - 12
(11.39, 5.0, 0.0, NaN) - 11
(11.39, 5.0, 0.0, NaN) - 8
(11.39, 5.0, 0.0, NaN) - 11
(11.39, 5.0, 0.0, NaN) - 9
(11.39, 5.0, 0.0, NaN) - 12
(12.95, 5.25, 0.0, NaN) - 7
(12.95, 5.25, 0.0, NaN) - 9
(12.95, 5.25, 0.0, NaN) - 8
(12.95, 5.25, 0.0, NaN) - 11
(12.95, 5.25, 0.0, NaN) - 14
(13.46, 7.85, 0.0, NaN) - 13
(13.46, 7.85, 0.0, NaN) - 11
(13.46, 7.85, 0.0, NaN) - 11
(13.46, 7.85, 0.0, NaN) - 9
(13.46, 7.85, 0.0, NaN) - 14
(14.98, 7.55, 0.0, NaN) - 10
(14.98, 7.55, 0.0, NaN) - 11
(14.98, 7.55, 0.0, NaN) - 10
(14.98, 7.55, 0.0, NaN) - 11
(14.98, 7.55, 0.0, NaN) - 10
(21.45, 6.62, 0.0, NaN) - 8
(21.45, 6.62, 0.0, NaN) - 8
(21.45, 6.62, 0.0, NaN) - 9
(21.45, 6.62, 0.0, NaN) - 8
(21.45, 6.62, 0.0, NaN) - 9
(21.84, 5.16, 0.0, NaN) - 9
(21.84, 5.16, 0.0, NaN) - 6
(21.84, 5.16, 0.0, NaN) - 6
(21.84, 5.16, 0.0, NaN) - 6
(21.84, 5.16, 0.0, NaN) - 7
(22.38, 3.94, 0.0, NaN) - 10
(22.38, 3.94, 0.0, NaN) - 7
(22.38, 3.94, 0.0, NaN) - 7
(22.38, 3.94, 0.0, NaN) - 8
(22.38, 3.94, 0.0, NaN) - 9
(22.3, 6.36, 0.0, NaN) - 8
(22.3, 6.36, 0.0, NaN) - 9
(22.3, 6.36, 0.0, NaN) - 10
(22.3, 6.36, 0.0, NaN) - 7
(22.3, 6.36, 0.0, NaN) - 5
(28.12, 7.57, 0.0, NaN) - 7
(28.12, 7.57, 0.0, NaN) - 7
(28.12, 7.57, 0.0, NaN) - 7
(28.12, 7.57, 0.0, NaN) - 8
(28.12, 7.57, 0.0, NaN) - 7
(31.78, 7.62, 0.0, NaN) - 9
(31.78, 7.62, 0.0, NaN) - 8
(31.78, 7.62, 0.0, NaN) - 7
(31.78, 7.62, 0.0, NaN) - 9
(31.78, 7.62, 0.0, NaN) - 8
(32.16, 7.08, 0.0, NaN) - 9
(32.16, 7.08, 0.0, NaN) - 7
(32.16, 7.08, 0.0, NaN) - 7
(32.16, 7.08, 0.0, NaN) - 7
(32.16, 7.08, 0.0, NaN) - 8
(32.68, 3.48, 0.0, NaN) - 9
(32.68, 3.48, 0.0, NaN) - 7
(32.68, 3.48, 0.0, NaN) - 8
(32.68, 3.48, 0.0, NaN) - 8
(32.68, 3.48, 0.0, NaN) - 8
(23.5, 4.22, 0.0, NaN) - 12
(23.5, 4.22, 0.0, NaN) - 8
(23.5, 4.22, 0.0, NaN) - 11
(23.5, 4.22, 0.0, NaN) - 10
(23.5, 4.22, 0.0, NaN) - 7
(25.23, 7.78, 0.0, NaN) - 10
(25.23, 7.78, 0.0, NaN) - 7
(25.23, 7.78, 0.0, NaN) - 9
(25.23, 7.78, 0.0, NaN) - 9
(25.23, 7.78, 0.0, NaN) - 5