10.06 -61.0
10.06 -55.0
10.06 -57.0
10.06 -60.0
10.06 -53.0
10.06 -53.0
10.06 -53.0
10.06 -55.0
10.06 -55.0
10.06 -55.0
10.06 -57.0
10.06 -50.0
10.06 -56.0
10.06 -58.0
10.06 -58.0
10.06 -52.0
10.06 -54.0
10.06 -62.0
10.06 -64.0
10.06 -56.0
10.06 -59.0
10.06 -56.0
10.06 -55.0
10.06 -53.0
14.7 -72.0
14.7 -72.0
14.7 -72.0
14.7 -72.0
14.7 -72.0
14.7 -73.0
14.7 -72.0
14.7 -72.0
14.7 -72.0
14.7 -64.0
14.7 -72.0
14.7 -63.0
14.7 -72.0
14.7 -62.0
14.7 -73.0
14.7 -63.0
14.7 -73.0
14.7 -72.0
14.7 -64.0
14.7 -63.0
14.7 -71.0
14.7 -72.0
14.7 -71.0
14.7 -64.0
14.7 -73.0
18.06 -77.0
18.06 -71.0
18.06 -79.0
18.06 -77.0
18.06 -77.0
18.06 -75.0
18.06 -78.0
18.06 -74.0
18.06 -78.0
18.06 -73.0
18.06 -76.0
18.06 -77.0
18.06 -77.0
18.06 -77.0
18.06 -75.0
18.06 -87.0
18.06 -77.0
18.06 -89.0
18.06 -75.0
18.06 -74.0
18.06 -78.0
18.06 -75.0
18.06 -76.0
18.06 -77.0
18.06 -78.0
6.92 -59.0
6.92 -59.0
6.92 -55.0
6.92 -57.0
6.92 -63.0
6.92 -56.0
6.92 -56.0
6.92 -54.0
6.92 -57.0
6.92 -57.0
6.92 -62.0
6.92 -55.0
6.92 -65.0
6.92 -58.0
6.92 -64.0
6.92 -56.0
6.92 -60.0
6.92 -53.0
6.92 -60.0
6.92 -55.0
6.92 -55.0
6.92 -58.0
6.92 -59.0
6.92 -60.0
6.92 -70.0
21.95 -56.0
21.95 -55.0
21.95 -58.0
21.95 -57.0
21.95 -60.0
21.95 -60.0
21.95 -55.0
21.95 -65.0
21.95 -59.0
21.95 -58.0
21.95 -58.0
21.95 -58.0
21.95 -57.0
21.95 -61.0
21.95 -57.0
21.95 -57.0
21.95 -55.0
21.95 -58.0
21.95 -57.0
21.95 -70.0
21.95 -65.0
21.95 -58.0
21.95 -58.0
21.95 -63.0
21.95 -59.0
24.87 -59.0
24.87 -74.0
24.87 -59.0
24.87 -56.0
24.87 -69.0
24.87 -65.0
24.87 -67.0
24.87 -71.0
24.87 -60.0
24.87 -70.0
24.87 -72.0
24.87 -70.0
24.87 -68.0
24.87 -61.0
24.87 -58.0
24.87 -69.0
24.87 -67.0
24.87 -68.0
24.87 -62.0
24.87 -65.0
24.87 -68.0
24.87 -60.0
24.87 -63.0
24.87 -69.0
24.87 -72.0
23.72 -74.0
23.72 -74.0
23.72 -65.0
23.72 -71.0
23.72 -72.0
23.72 -77.0
23.72 -69.0
23.72 -75.0
23.72 -70.0
23.72 -69.0
23.72 -68.0
23.72 -75.0
23.72 -74.0
23.72 -66.0
23.72 -66.0
23.72 -68.0
23.72 -69.0
23.72 -68.0
23.72 -74.0
23.72 -76.0
23.72 -74.0
23.72 -73.0
23.72 -67.0
23.72 -74.0
30.27 -90.0
30.27 -88.0
30.27 -91.0
30.27 -91.0
30.27 -87.0
30.27 -90.0
30.27 -87.0
30.27 -86.0
30.27 -87.0
30.27 -91.0
30.27 -88.0
30.27 -89.0
30.27 -90.0
30.27 -89.0
30.27 -88.0
30.27 -88.0
30.27 -92.0
30.27 -88.0
30.27 -88.0
30.27 -87.0
30.27 -91.0
30.27 -89.0
30.27 -86.0
30.27 -87.0
30.27 -89.0
5.72 -49.0
5.72 -48.0
5.72 -49.0
5.72 -48.0
5.72 -59.0
5.72 -58.0
5.72 -49.0
5.72 -50.0
5.72 -54.0
5.72 -49.0
5.72 -54.0
5.72 -51.0
5.72 -48.0
5.72 -53.0
5.72 -49.0
5.72 -49.0
5.72 -49.0
5.72 -55.0
5.72 -50.0
5.72 -48.0
5.72 -55.0
5.72 -48.0
5.72 -49.0
5.72 -57.0
5.72 -59.0
4.62 -57.0
4.62 -51.0
4.62 -61.0
4.62 -51.0
4.62 -59.0
4.62 -57.0
4.62 -57.0
4.62 -53.0
4.62 -54.0
4.62 -58.0
4.62 -51.0
4.62 -52.0
4.62 -51.0
4.62 -55.0
4.62 -57.0
4.62 -56.0
4.62 -52.0
4.62 -56.0
4.62 -57.0
4.62 -55.0
4.62 -62.0
4.62 -53.0
4.62 -50.0
4.62 -51.0
4.62 -55.0
6.2 -59.0
6.2 -64.0
6.2 -64.0
6.2 -58.0
6.2 -63.0
6.2 -61.0
6.2 -64.0
6.2 -64.0
6.2 -63.0
6.2 -64.0
6.2 -64.0
6.2 -61.5
6.2 -65.0
6.2 -60.0
6.2 -65.0
6.2 -60.0
6.2 -63.0
6.2 -63.0
6.2 -60.0
6.2 -61.0
6.2 -64.0
6.2 -59.0
6.2 -59.0
6.2 -61.0
6.2 -63.0
20.81 -78.0
20.81 -81.0
20.81 -77.0
20.81 -90.0
20.81 -81.0
20.81 -77.0
20.81 -78.0
20.81 -82.0
20.81 -78.0
20.81 -82.0
20.81 -80.0
20.81 -78.0
20.81 -81.0
20.81 -83.0
20.81 -81.0
20.81 -79.0
20.81 -81.0
20.81 -78.0
20.81 -77.0
20.81 -77.0
20.81 -76.0
20.81 -78.0
20.81 -81.0
20.81 -80.0
20.81 -81.0
23.34 -76.0
23.34 -78.0
23.34 -78.0
23.34 -74.0
23.34 -79.0
23.34 -72.0
23.34 -77.0
23.34 -78.0
23.34 -75.0
23.34 -75.0
23.34 -79.0
23.34 -79.0
23.34 -79.0
23.34 -76.0
23.34 -75.0
23.34 -73.0
23.34 -73.0
23.34 -78.0
23.34 -76.0
23.34 -78.0
23.34 -75.0
23.34 -71.0
23.34 -81.0
23.34 -77.0
23.34 -72.0
17.48 -59.0
17.48 -56.0
17.48 -57.0
17.48 -56.0
17.48 -59.0
17.48 -58.0
17.48 -56.5
17.48 -55.0
17.48 -56.0
17.48 -57.0
17.48 -60.0
17.48 -58.0
17.48 -57.0
17.48 -57.0
17.48 -58.0
17.48 -57.0
17.48 -57.0
17.48 -54.0
17.48 -55.0
17.48 -59.0
17.48 -57.0
17.48 -57.0
17.48 -62.0
17.48 -57.0
17.48 -56.0
27.38 -88.0
27.38 -90.0
27.38 -90.0
27.38 -90.0
27.38 -90.0
27.38 -89.0
27.38 -89.0
27.38 -83.0
27.38 -82.0
27.38 -90.0
27.38 -82.0
27.38 -82.0
27.38 -89.0
27.38 -90.0
27.38 -81.0
27.38 -89.0
27.38 -82.0
27.38 -83.0
27.38 -88.0
27.38 -88.0
27.38 -90.0
27.38 -82.0
27.38 -91.0
16.06 -66.0
16.06 -58.0
16.06 -61.0
16.06 -70.0
16.06 -62.0
16.06 -57.0
16.06 -58.0
16.06 -64.0
16.06 -64.0
16.06 -59.0
16.06 -68.0
16.06 -66.0
16.06 -57.0
16.06 -62.0
16.06 -71.0
16.06 -62.0
16.06 -61.0
16.06 -63.0
16.06 -68.0
16.06 -61.0
16.06 -63.0
16.06 -73.0
16.06 -65.0
16.06 -63.0
16.06 -58.0
19.34 -77.0
19.34 -82.0
19.34 -75.0
19.34 -78.0
19.34 -79.0
19.34 -81.0
19.34 -80.0
19.34 -85.0
19.34 -82.0
19.34 -81.0
19.34 -81.0
19.34 -75.0
19.34 -81.0
19.34 -81.0
19.34 -84.0
19.34 -75.0
19.34 -82.0
19.34 -75.0
19.34 -78.0
19.34 -79.0
19.34 -80.0
19.34 -82.0
19.34 -84.0
19.34 -79.0
19.34 -76.0
2.6 -44.0
2.6 -53.0
2.6 -43.0
2.6 -52.0
2.6 -45.0
2.6 -48.0
2.6 -42.0
2.6 -45.0
2.6 -53.0
2.6 -51.0
2.6 -45.0
2.6 -47.0
2.6 -45.0
2.6 -51.0
2.6 -47.0
2.6 -50.0
2.6 -44.0
2.6 -50.0
2.6 -46.0
2.6 -51.0
2.6 -51.0
2.6 -45.0
2.6 -44.0
2.6 -52.0
2.6 -52.0
24.89 -66.0
24.89 -60.0
24.89 -73.0
24.89 -64.0
24.89 -58.0
24.89 -74.0
24.89 -64.0
24.89 -62.0
24.89 -67.0
24.89 -74.0
24.89 -59.0
24.89 -66.0
24.89 -62.0
24.89 -68.0
24.89 -62.0
24.89 -71.0
24.89 -61.0
24.89 -66.0
24.89 -63.0
24.89 -75.0
24.89 -72.0
24.89 -62.0
24.89 -61.0
24.89 -70.0
24.89 -75.0
7.54 -64.0
7.54 -68.0
7.54 -65.0
7.54 -63.0
7.54 -65.0
7.54 -65.0
7.54 -63.0
7.54 -65.0
7.54 -63.0
7.54 -65.0
7.54 -66.0
7.54 -63.0
7.54 -65.0
7.54 -65.0
7.54 -65.0
7.54 -64.0
7.54 -65.0
7.54 -66.0
7.54 -69.0
7.54 -62.0
7.54 -64.0
7.54 -66.0
7.54 -67.0
7.54 -65.0
7.54 -62.0
31.05 -88.0
31.05 -86.0
31.05 -84.0
31.05 -84.0
31.05 -86.0
31.05 -87.0
31.05 -88.0
31.05 -85.0
31.05 -86.0
31.05 -87.0
31.05 -86.0
31.05 -87.0
31.05 -87.0
31.05 -85.0
31.05 -89.0
31.05 -84.0
31.05 -86.0
31.05 -85.0
31.05 -94.0
31.05 -87.0
31.05 -86.0
31.05 -87.0
31.05 -84.0
11.64 -61.0
11.64 -55.0
11.64 -56.0
11.64 -61.0
11.64 -55.0
11.64 -55.0
11.64 -56.0
11.64 -61.0
11.64 -61.0
11.64 -60.0
11.64 -61.0
11.64 -57.0
11.64 -60.0
11.64 -61.0
11.64 -55.0
11.64 -56.0
11.64 -60.0
11.64 -56.0
11.64 -57.0
11.64 -56.0
11.64 -61.0
11.64 -57.0
11.64 -60.0
11.64 -61.0
11.64 -61.0
16.65 -76.0
16.65 -68.0
16.65 -65.0
16.65 -66.0
16.65 -77.0
16.65 -77.0
16.65 -71.0
16.65 -76.0
16.65 -66.0
16.65 -69.0
16.65 -82.0
16.65 -77.0
16.65 -76.0
16.65 -68.0
16.65 -87.0
16.65 -75.0
16.65 -68.0
16.65 -78.0
16.65 -69.0
16.65 -78.0
16.65 -75.0
16.65 -73.0
16.65 -73.0
16.65 -68.0
16.65 -75.0
5.5 -55.0
5.5 -52.0
5.5 -57.0
5.5 -53.0
5.5 -51.0
5.5 -55.0
5.5 -55.0
5.5 -52.0
5.5 -57.0
5.5 -53.0
5.5 -52.0
5.5 -51.0
5.5 -57.0
5.5 -56.0
5.5 -55.0
5.5 -52.0
5.5 -55.0
5.5 -52.0
5.5 -55.0
5.5 -53.0
5.5 -52.0
5.5 -51.0
5.5 -53.0
5.5 -52.0
5.5 -55.0
21.93 -82.0
21.93 -80.0
21.93 -80.0
21.93 -78.0
21.93 -81.0
21.93 -80.0
21.93 -79.0
21.93 -81.0
21.93 -80.0
21.93 -80.0
21.93 -85.0
21.93 -83.0
21.93 -80.0
21.93 -78.0
21.93 -79.0
21.93 -80.0
21.93 -80.0
21.93 -82.0
21.93 -85.0
21.93 -80.0
21.93 -80.0
21.93 -79.0
21.93 -83.0
21.93 -80.0
21.93 -80.0
23.5 -59.0
23.5 -69.0
23.5 -64.0
23.5 -65.0
23.5 -68.0
23.5 -66.0
23.5 -66.0
23.5 -69.0
23.5 -69.0
23.5 -63.0
23.5 -66.0
23.5 -70.0
23.5 -69.0
23.5 -71.0
23.5 -65.0
23.5 -64.0
23.5 -69.0
23.5 -68.0
23.5 -63.0
23.5 -70.0
23.5 -65.0
23.5 -73.0
23.5 -61.0
23.5 -66.0
23.5 -63.0
28.99 -92.0
28.99 -91.0
28.99 -88.0
28.99 -91.0
28.99 -88.0
28.99 -87.0
28.99 -91.0
28.99 -87.0
28.99 -93.0
28.99 -89.0
28.99 -89.0
28.99 -91.0
28.99 -92.0
28.99 -90.0
28.99 -89.0
28.99 -88.0
28.99 -90.0
28.99 -89.0
28.99 -92.0
28.99 -88.0
28.99 -87.0
10.22 -63.0
10.22 -60.0
10.22 -60.0
10.22 -59.0
10.22 -73.0
10.22 -66.0
10.22 -65.0
10.22 -72.0
10.22 -59.0
10.22 -59.0
10.22 -62.0
10.22 -68.0
10.22 -66.0
10.22 -63.0
10.22 -68.0
10.22 -68.0
10.22 -67.0
10.22 -66.0
10.22 -60.0
10.22 -59.0
10.22 -65.0
10.22 -66.0
10.22 -61.0
10.22 -71.0
10.22 -69.0
7.14 -53.0
7.14 -55.0
7.14 -59.0
7.14 -57.0
7.14 -58.0
7.14 -58.0
7.14 -57.0
7.14 -61.0
7.14 -58.0
7.14 -62.0
7.14 -57.0
7.14 -59.0
7.14 -54.0
7.14 -56.0
7.14 -56.0
7.14 -58.0
7.14 -60.0
7.14 -52.0
7.14 -58.0
7.14 -53.0
7.14 -57.0
7.14 -60.0
7.14 -53.0
7.14 -55.0
7.14 -59.0
16.11 -80.0
16.11 -71.0
16.11 -73.0
16.11 -76.0
16.11 -83.0
16.11 -71.0
16.11 -71.0
16.11 -86.0
16.11 -71.0
16.11 -70.0
16.11 -82.0
16.11 -73.0
16.11 -70.0
16.11 -71.0
16.11 -70.0
16.11 -71.0
16.11 -70.0
16.11 -71.0
16.11 -72.0
16.11 -71.0
16.11 -70.0
16.11 -70.0
16.11 -71.0
16.11 -71.0
16.11 -71.0
19.82 -88.0
19.82 -85.0
19.82 -82.0
19.82 -88.0
19.82 -88.0
19.82 -87.0
19.82 -84.0
19.82 -86.0
19.82 -84.0
19.82 -84.0
19.82 -86.0
19.82 -81.0
19.82 -86.0
19.82 -87.0
19.82 -87.0
19.82 -85.0
19.82 -85.0
19.82 -86.0
19.82 -83.0
19.82 -84.0
19.82 -81.0
19.82 -88.0
19.82 -91.0
19.82 -82.0
19.82 -83.0
6.65 -56.0
6.65 -58.0
6.65 -58.0
6.65 -59.0
6.65 -58.0
6.65 -56.0
6.65 -57.0
6.65 -57.0
6.65 -59.0
6.65 -54.0
6.65 -54.0
6.65 -55.0
6.65 -58.0
6.65 -57.0
6.65 -58.0
6.65 -57.0
6.65 -58.0
6.65 -58.0
6.65 -58.0
6.65 -58.0
6.65 -59.0
6.65 -55.0
6.65 -57.0
6.65 -59.0
6.65 -59.0
18.97 -63.0
18.97 -59.0
18.97 -63.0
18.97 -66.0
18.97 -65.0
18.97 -64.0
18.97 -67.0
18.97 -67.0
18.97 -61.0
18.97 -60.0
18.97 -67.0
18.97 -59.0
18.97 -68.0
18.97 -63.0
18.97 -65.0
18.97 -68.0
18.97 -67.0
18.97 -63.0
18.97 -58.0
18.97 -68.0
18.97 -58.0
18.97 -63.0
18.97 -58.0
18.97 -61.0
18.97 -65.0
25.16 -80.0
25.16 -72.0
25.16 -82.0
25.16 -70.0
25.16 -74.0
25.16 -77.0
25.16 -77.0
25.16 -69.0
25.16 -69.0
25.16 -71.0
25.16 -81.0
25.16 -82.0
25.16 -80.0
25.16 -72.0
25.16 -73.0
25.16 -82.0
25.16 -71.0
25.16 -70.0
25.16 -69.0
25.16 -74.0
25.16 -77.0
25.16 -78.0
25.16 -72.0
25.16 -71.0
25.16 -68.0
9.32 -68.0
9.32 -74.0
9.32 -74.0
9.32 -69.0
9.32 -74.0
9.32 -69.0
9.32 -74.0
9.32 -74.0
9.32 -74.0
9.32 -69.0
9.32 -75.0
9.32 -69.0
9.32 -70.0
9.32 -75.0
9.32 -69.0
9.32 -74.0
9.32 -75.0
9.32 -74.0
9.32 -68.0
9.32 -74.0
9.32 -68.0
9.32 -70.0
9.32 -74.0
9.32 -70.0
9.32 -69.0
32.9 -86.0
32.9 -88.0
32.9 -88.0
32.9 -85.0
32.9 -88.0
32.9 -87.0
32.9 -86.0
32.9 -87.0
32.9 -87.0
32.9 -87.0
32.9 -85.0
32.9 -84.0
32.9 -87.0
32.9 -85.0
32.9 -87.0
32.9 -85.0
32.9 -86.0
32.9 -84.0
32.9 -89.0
32.9 -88.0
32.9 -87.0
32.9 -85.0
32.9 -88.0
32.9 -84.0
5.39 -58.0
5.39 -46.0
5.39 -46.0
5.39 -51.0
5.39 -47.0
5.39 -49.0
5.39 -53.0
5.39 -48.0
5.39 -55.0
5.39 -48.0
5.39 -52.0
5.39 -46.0
5.39 -47.0
5.39 -51.0
5.39 -51.0
5.39 -47.0
5.39 -47.0
5.39 -52.0
5.39 -45.0
5.39 -48.0
5.39 -46.0
5.39 -50.0
5.39 -56.0
5.39 -53.0
5.39 -50.0
3.08 -44.0
3.08 -45.0
3.08 -46.0
3.08 -46.0
3.08 -46.0
3.08 -46.0
3.08 -47.0
3.08 -44.0
3.08 -47.0
3.08 -44.0
3.08 -44.0
3.08 -44.0
3.08 -46.0
3.08 -47.0
3.08 -45.0
3.08 -47.0
3.08 -45.0
3.08 -45.0
3.08 -45.0
3.08 -45.0
3.08 -44.0
3.08 -44.0
3.08 -47.0
3.08 -45.0
3.08 -45.0
18.04 -63.0
18.04 -73.0
18.04 -67.0
18.04 -77.0
18.04 -67.0
18.04 -65.0
18.04 -83.0
18.04 -64.0
18.04 -67.0
18.04 -62.0
18.04 -72.0
18.04 -76.0
18.04 -63.0
18.04 -70.0
18.04 -72.0
18.04 -72.0
18.04 -65.0
18.04 -72.0
18.04 -64.0
18.04 -72.0
18.04 -73.0
18.04 -65.0
18.04 -72.0
18.04 -72.0
18.04 -71.0
2.67 -54.0
2.67 -45.0
2.67 -50.0
2.67 -46.0
2.67 -48.0
2.67 -54.0
2.67 -58.0
2.67 -51.0
2.67 -46.0
2.67 -51.0
2.67 -46.0
2.67 -52.0
2.67 -52.0
2.67 -45.0
2.67 -51.0
2.67 -51.0
2.67 -50.0
2.67 -46.0
2.67 -48.0
2.67 -55.0
2.67 -56.0
2.67 -46.0
2.67 -45.0
2.67 -51.0
2.67 -56.0
22.95 -82.0
22.95 -83.0
22.95 -80.0
22.95 -82.0
22.95 -79.0
22.95 -80.0
22.95 -79.0
22.95 -80.0
22.95 -85.0
22.95 -86.0
22.95 -82.0
22.95 -80.0
22.95 -79.0
22.95 -83.0
22.95 -79.0
22.95 -81.0
22.95 -80.0
22.95 -83.0
22.95 -81.0
22.95 -85.0
22.95 -83.0
22.95 -80.0
22.95 -81.0
22.95 -81.0
22.95 -78.0
24.81 -76.0
24.81 -81.0
24.81 -69.0
24.81 -74.0
24.81 -73.0
24.81 -71.0
24.81 -75.0
24.81 -69.5
24.81 -75.0
24.81 -72.0
24.81 -72.0
24.81 -74.0
24.81 -72.0
24.81 -69.0
24.81 -71.0
24.81 -71.0
24.81 -68.0
24.81 -75.0
24.81 -73.0
24.81 -72.0
24.81 -72.0
24.81 -74.0
24.81 -69.0
24.81 -75.0
24.81 -81.0
17.37 -64.0
17.37 -62.0
17.37 -63.0
17.37 -68.0
17.37 -60.0
17.37 -68.0
17.37 -62.0
17.37 -66.0
17.37 -62.0
17.37 -68.0
17.37 -61.0
17.37 -74.0
17.37 -64.0
17.37 -66.0
17.37 -62.0
17.37 -65.0
17.37 -60.0
17.37 -62.0
17.37 -67.0
17.37 -62.0
17.37 -64.0
17.37 -64.0
17.37 -64.0
17.37 -67.0
17.37 -61.0
14.5 -62.0
14.5 -62.0
14.5 -61.0
14.5 -61.0
14.5 -58.0
14.5 -56.0
14.5 -56.0
14.5 -62.0
14.5 -56.0
14.5 -57.0
14.5 -59.0
14.5 -58.0
14.5 -56.0
14.5 -60.0
14.5 -61.0
14.5 -61.0
14.5 -56.0
14.5 -56.0
14.5 -59.0
14.5 -62.0
14.5 -64.0
14.5 -62.0
14.5 -55.0
14.5 -62.0
14.5 -57.0
29.8 -90.0
29.8 -86.0
29.8 -86.0
29.8 -84.0
29.8 -87.0
29.8 -90.0
29.8 -89.0
29.8 -88.0
29.8 -88.0
29.8 -88.0
29.8 -88.0
29.8 -89.0
29.8 -89.0
29.8 -90.0
29.8 -89.0
29.8 -90.0
29.8 -88.0
29.8 -88.0
29.8 -87.0
29.8 -90.0
29.8 -89.0
29.8 -87.0
29.8 -90.0
29.8 -87.0
13.11 -58.0
13.11 -58.0
13.11 -58.0
13.11 -56.0
13.11 -57.0
13.11 -58.0
13.11 -57.0
13.11 -61.0
13.11 -58.0
13.11 -59.0
13.11 -59.0
13.11 -56.0
13.11 -58.0
13.11 -58.0
13.11 -58.0
13.11 -58.0
13.11 -57.0
13.11 -58.0
13.11 -56.0
13.11 -58.0
13.11 -65.0
13.11 -60.0
13.11 -58.0
13.11 -61.0
13.11 -59.0
17.54 -72.0
17.54 -70.0
17.54 -74.0
17.54 -75.0
17.54 -77.0
17.54 -85.0
17.54 -70.0
17.54 -77.0
17.54 -72.0
17.54 -80.0
17.54 -78.0
17.54 -76.0
17.54 -77.0
17.54 -76.0
17.54 -76.0
17.54 -72.0
17.54 -77.0
17.54 -72.0
17.54 -71.0
17.54 -78.0
17.54 -78.0
17.54 -77.0
17.54 -76.0
21.0 -82.0
21.0 -85.0
21.0 -87.0
21.0 -83.0
21.0 -81.0
21.0 -84.0
21.0 -81.0
21.0 -81.0
21.0 -83.0
21.0 -83.0
21.0 -84.0
21.0 -85.0
21.0 -86.0
21.0 -84.0
21.0 -85.0
21.0 -82.0
21.0 -83.0
21.0 -82.0
21.0 -82.0
21.0 -83.0
21.0 -85.0
21.0 -84.0
21.0 -86.0
21.0 -87.0
4.42 -54.0
4.42 -54.0
4.42 -52.0
4.42 -55.0
4.42 -54.0
4.42 -57.0
4.42 -53.0
4.42 -83.0
4.42 -55.0
4.42 -54.0
4.42 -56.0
4.42 -67.0
4.42 -56.0
4.42 -54.0
4.42 -51.0
4.42 -57.0
4.42 -60.0
4.42 -59.0
4.42 -56.0
4.42 -53.0
4.42 -54.0
4.42 -53.0
4.42 -50.0
4.42 -58.0
4.42 -57.0
6.71 -55.0
6.71 -57.0
6.71 -55.0
6.71 -59.0
6.71 -61.0
6.71 -59.0
6.71 -55.0
6.71 -65.0
6.71 -59.0
6.71 -56.0
6.71 -62.0
6.71 -65.0
6.71 -59.0
6.71 -51.0
6.71 -62.0
6.71 -57.0
6.71 -56.0
6.71 -62.0
6.71 -58.0
6.71 -57.0
6.71 -60.0
6.71 -54.0
6.71 -55.0
6.71 -63.0
6.71 -62.0
24.99 -61.0
24.99 -66.0
24.99 -62.0
24.99 -66.0
24.99 -58.0
24.99 -68.0
24.99 -61.0
24.99 -65.0
24.99 -68.0
24.99 -65.0
24.99 -63.0
24.99 -61.0
24.99 -63.0
24.99 -62.0
24.99 -61.0
24.99 -64.0
24.99 -62.0
24.99 -60.0
24.99 -65.0
24.99 -65.0
24.99 -63.0
24.99 -61.0
24.99 -68.0
24.99 -62.0
24.99 -63.0
33.62 -90.0
33.62 -83.0
33.62 -82.0
33.62 -81.0
33.62 -82.0
33.62 -90.0
33.62 -90.0
33.62 -83.0
33.62 -83.0
33.62 -82.0
33.62 -87.5
33.62 -88.0
33.62 -91.0
33.62 -83.0
33.62 -90.0
33.62 -82.0
33.62 -90.0
33.62 -88.0
33.62 -82.0
33.62 -92.0
33.62 -83.0
33.62 -82.0
33.62 -87.0
5.46 -52.0
5.46 -54.0
5.46 -52.0
5.46 -49.0
5.46 -54.0
5.46 -51.0
5.46 -51.0
5.46 -52.0
5.46 -55.0
5.46 -54.0
5.46 -53.0
5.46 -48.0
5.46 -49.0
5.46 -51.0
5.46 -50.0
5.46 -55.0
5.46 -63.0
5.46 -52.0
5.46 -53.0
5.46 -49.0
5.46 -48.0
5.46 -50.0
5.46 -55.0
5.46 -49.0
8.74 -58.0
8.74 -53.0
8.74 -55.0
8.74 -57.0
8.74 -68.0
8.74 -57.0
8.74 -52.0
8.74 -56.0
8.74 -56.0
8.74 -54.0
8.74 -60.0
8.74 -65.0
8.74 -56.0
8.74 -56.0
8.74 -54.0
8.74 -59.0
8.74 -59.0
8.74 -55.0
8.74 -59.0
8.74 -61.0
8.74 -55.0
8.74 -56.0
8.74 -57.0
8.74 -65.0
8.74 -69.0
5.16 -57.0
5.16 -61.0
5.16 -54.0
5.16 -61.0
5.16 -59.0
5.16 -61.0
5.16 -61.0
5.16 -60.0
5.16 -58.0
5.16 -57.0
5.16 -59.0
5.16 -59.0
5.16 -66.0
5.16 -54.0
5.16 -59.0
5.16 -63.0
5.16 -61.0
5.16 -60.0
5.16 -67.0
5.16 -57.0
5.16 -70.0
5.16 -59.0
5.16 -60.0
5.16 -61.0
5.16 -58.0
23.98 -86.0
23.98 -87.0
23.98 -85.0
23.98 -84.0
23.98 -87.0
23.98 -83.0
23.98 -83.0
23.98 -86.0
23.98 -84.0
23.98 -85.0
23.98 -82.0
23.98 -85.0
23.98 -84.0
23.98 -85.0
23.98 -85.0
23.98 -85.0
23.98 -87.0
23.98 -84.0
23.98 -84.5
23.98 -85.0
23.98 -85.0
23.98 -85.0
17.4 -60.0
17.4 -67.0
17.4 -61.0
17.4 -64.0
17.4 -61.0
17.4 -59.0
17.4 -62.0
17.4 -59.0
17.4 -55.0
17.4 -64.0
17.4 -65.0
17.4 -60.0
17.4 -61.0
17.4 -61.0
17.4 -60.0
17.4 -63.0
17.4 -60.0
17.4 -62.0
17.4 -59.0
17.4 -57.0
17.4 -59.0
17.4 -66.0
17.4 -60.0
17.4 -64.0
17.4 -59.0
20.52 -64.0
20.52 -63.0
20.52 -61.0
20.52 -61.0
20.52 -65.0
20.52 -64.0
20.52 -67.0
20.52 -60.0
20.52 -70.0
20.52 -62.0
20.52 -65.0
20.52 -61.0
20.52 -72.0
20.52 -63.0
20.52 -69.0
20.52 -61.0
20.52 -75.0
20.52 -63.0
20.52 -65.0
20.52 -62.0
20.52 -61.0
20.52 -61.0
20.52 -60.0
20.52 -62.0
20.52 -63.0
31.57 -89.0
31.57 -89.0
31.57 -86.0
31.57 -88.0
31.57 -89.0
31.57 -86.0
31.57 -88.0
31.57 -89.0
31.57 -89.0
31.57 -89.0
31.57 -93.0
31.57 -93.0
31.57 -88.0
31.57 -87.0
31.57 -88.0
31.57 -86.0
31.57 -90.0
31.57 -88.0
31.57 -88.0
31.57 -91.0
31.57 -89.0
31.57 -87.0
31.57 -91.0
11.4 -66.0
11.4 -73.0
11.4 -73.0
11.4 -69.0
11.4 -68.0
11.4 -71.0
11.4 -68.0
11.4 -73.5
11.4 -69.0
11.4 -67.0
11.4 -70.0
11.4 -67.0
11.4 -67.0
11.4 -67.0
11.4 -68.0
11.4 -71.0
11.4 -67.0
11.4 -71.0
11.4 -71.0
11.4 -68.0
11.4 -68.0
11.4 -66.0
11.4 -69.0
11.4 -71.0
4.34 -52.0
4.34 -57.0
4.34 -52.0
4.34 -51.0
4.34 -52.0
4.34 -46.0
4.34 -46.0
4.34 -47.0
4.34 -58.0
4.34 -51.0
4.34 -51.0
4.34 -51.0
4.34 -46.0
4.34 -47.0
4.34 -52.0
4.34 -51.0
4.34 -48.0
4.34 -46.0
4.34 -50.0
4.34 -53.0
4.34 -53.0
4.34 -51.0
4.34 -46.0
4.34 -51.0
4.34 -56.0
21.86 -88.0
21.86 -79.0
21.86 -81.0
21.86 -86.0
21.86 -82.0
21.86 -80.0
21.86 -83.0
21.86 -80.0
21.86 -79.0
21.86 -79.0
21.86 -82.0
21.86 -86.0
21.86 -83.0
21.86 -84.0
21.86 -80.0
21.86 -87.0
21.86 -82.0
21.86 -80.0
21.86 -81.0
21.86 -82.0
21.86 -81.0
21.86 -81.0
21.86 -82.0
21.86 -85.0
21.86 -81.0
18.87 -69.0
18.87 -66.0
18.87 -66.0
18.87 -67.0
18.87 -63.0
18.87 -58.0
18.87 -60.0
18.87 -65.0
18.87 -62.0
18.87 -64.0
18.87 -64.0
18.87 -58.0
18.87 -65.0
18.87 -61.0
18.87 -59.0
18.87 -65.0
18.87 -65.0
18.87 -66.0
18.87 -61.0
18.87 -59.0
18.87 -60.0
18.87 -64.0
18.87 -61.0
18.87 -60.0
18.87 -67.0
15.99 -56.0
15.99 -53.0
15.99 -59.0
15.99 -56.0
15.99 -59.0
15.99 -61.0
15.99 -54.0
15.99 -66.0
15.99 -59.0
15.99 -61.0
15.99 -56.0
15.99 -58.0
15.99 -58.0
15.99 -52.0
15.99 -55.0
15.99 -59.0
15.99 -55.0
15.99 -59.0
15.99 -59.0
15.99 -58.0
15.99 -55.0
15.99 -56.0
15.99 -59.0
15.99 -58.0
10.6 -68.0
10.6 -66.0
10.6 -63.0
10.6 -63.0
10.6 -65.0
10.6 -69.0
10.6 -75.0
10.6 -69.0
10.6 -68.0
10.6 -66.0
10.6 -65.0
10.6 -67.0
10.6 -65.0
10.6 -68.0
10.6 -68.0
10.6 -66.0
10.6 -69.0
10.6 -63.0
10.6 -67.0
10.6 -69.0
10.6 -64.0
10.6 -68.0
10.6 -72.0
10.6 -66.0
2.41 -54.0
2.41 -43.0
2.41 -55.0
2.41 -51.0
2.41 -54.0
2.41 -44.0
2.41 -44.0
2.41 -56.0
2.41 -55.0
2.41 -53.0
2.41 -55.0
2.41 -55.0
2.41 -55.0
2.41 -55.0
2.41 -55.0
2.41 -54.0
2.41 -43.0
2.41 -53.0
2.41 -55.0
2.41 -54.0
2.41 -54.0
2.41 -44.0
2.41 -56.0
2.41 -44.0
2.41 -55.0
2.08 -47.0
2.08 -54.0
2.08 -47.0
2.08 -56.0
2.08 -46.0
2.08 -59.0
2.08 -47.0
2.08 -56.0
2.08 -56.0
2.08 -46.0
2.08 -47.0
2.08 -56.0
2.08 -46.0
2.08 -45.0
2.08 -47.0
2.08 -47.0
2.08 -55.0
2.08 -47.0
2.08 -55.0
2.08 -53.0
2.08 -56.0
2.08 -50.0
2.08 -56.0
2.08 -55.0
2.08 -54.0
9.27 -63.0
9.27 -58.0
9.27 -59.0
9.27 -61.0
9.27 -55.0
9.27 -64.0
9.27 -56.0
9.27 -55.0
9.27 -52.0
9.27 -60.0
9.27 -58.0
9.27 -57.0
9.27 -59.0
9.27 -56.0
9.27 -62.0
9.27 -61.0
9.27 -61.0
9.27 -53.0
9.27 -61.0
9.27 -59.0
9.27 -53.0
9.27 -69.0
9.27 -56.0
9.27 -54.0
9.27 -55.0
19.44 -68.0
19.44 -73.0
19.44 -71.0
19.44 -69.0
19.44 -67.0
19.44 -77.0
19.44 -80.0
19.44 -71.0
19.44 -72.0
19.44 -68.0
19.44 -67.0
19.44 -70.0
19.44 -75.0
19.44 -77.0
19.44 -69.0
19.44 -69.0
19.44 -72.0
19.44 -72.0
19.44 -70.0
19.44 -85.0
19.44 -70.0
19.44 -72.0
19.44 -69.0
19.44 -69.0
19.44 -69.0
3.31 -51.0
3.31 -54.0
3.31 -54.0
3.31 -50.0
3.31 -52.0
3.31 -56.0
3.31 -55.0
3.31 -56.0
3.31 -55.0
3.31 -51.0
3.31 -55.0
3.31 -54.0
3.31 -53.0
3.31 -52.0
3.31 -55.0
3.31 -57.0
3.31 -54.0
3.31 -52.0
3.31 -51.0
3.31 -51.0
3.31 -55.0
3.31 -55.0
3.31 -53.0
3.31 -60.0
3.31 -54.0
5.24 -55.0
5.24 -60.0
5.24 -55.0
5.24 -57.0
5.24 -56.0
5.24 -59.5
5.24 -59.0
5.24 -57.0
5.24 -56.0
5.24 -58.0
5.24 -55.0
5.24 -60.0
5.24 -59.0
5.24 -58.0
5.24 -58.0
5.24 -58.0
5.24 -57.0
5.24 -58.0
5.24 -78.0
5.24 -59.0
5.24 -59.0
5.24 -58.0
5.24 -58.0
5.24 -59.0
5.24 -57.0
25.27 -83.0
25.27 -83.0
25.27 -80.0
25.27 -80.0
25.27 -85.0
25.27 -81.0
25.27 -82.0
25.27 -82.0
25.27 -84.0
25.27 -81.0
25.27 -82.0
25.27 -82.0
25.27 -80.0
25.27 -83.0
25.27 -81.0
25.27 -81.0
25.27 -80.0
25.27 -83.0
25.27 -82.0
25.27 -81.0
25.27 -82.0
25.27 -81.0
25.27 -82.0
25.27 -82.0
25.27 -84.0
14.37 -53.0
14.37 -60.0
14.37 -56.0
14.37 -56.0
14.37 -61.0
14.37 -55.0
14.37 -66.0
14.37 -58.0
14.37 -66.0
14.37 -65.0
14.37 -56.0
14.37 -62.0
14.37 -56.0
14.37 -58.0
14.37 -57.0
14.37 -54.0
14.37 -56.0
14.37 -67.0
14.37 -66.0
14.37 -61.0
14.37 -56.0
14.37 -60.0
14.37 -53.0
14.37 -63.0
14.37 -57.0
11.54 -58.0
11.54 -58.0
11.54 -57.0
11.54 -62.0
11.54 -53.0
11.54 -51.0
11.54 -59.0
11.54 -50.0
11.54 -53.0
11.54 -59.0
11.54 -59.0
11.54 -59.0
11.54 -59.0
11.54 -57.0
11.54 -67.0
11.54 -56.0
11.54 -50.0
11.54 -56.0
11.54 -58.0
11.54 -63.0
11.54 -58.0
11.54 -59.0
11.54 -52.0
11.54 -51.0
11.54 -49.0
32.33 -89.0
32.33 -88.0
32.33 -89.0
32.33 -88.0
32.33 -87.0
32.33 -91.0
32.33 -94.0
32.33 -91.0
32.33 -91.0
32.33 -93.0
32.33 -86.0
32.33 -92.0
32.33 -89.0
32.33 -88.0
32.33 -90.0
32.33 -87.0
32.33 -88.0
32.33 -92.0
32.33 -89.0
32.33 -90.0
32.33 -89.0
32.33 -91.0
32.33 -92.0
32.33 -89.0
12.65 -62.0
12.65 -61.0
12.65 -66.0
12.65 -63.0
12.65 -63.0
12.65 -62.0
12.65 -60.0
12.65 -62.0
12.65 -65.0
12.65 -66.0
12.65 -63.0
12.65 -66.0
12.65 -62.0
12.65 -63.0
12.65 -60.0
12.65 -61.0
12.65 -60.0
12.65 -65.0
12.65 -67.0
12.65 -66.0
12.65 -65.0
12.65 -64.0
12.65 -64.0
12.65 -62.0
12.65 -66.0
10.18 -53.0
10.18 -55.0
10.18 -55.0
10.18 -55.0
10.18 -49.0
10.18 -70.0
10.18 -48.0
10.18 -52.0
10.18 -49.0
10.18 -55.0
10.18 -68.0
10.18 -49.0
10.18 -48.0
10.18 -48.0
10.18 -55.0
10.18 -49.0
10.18 -55.0
10.18 -47.0
10.18 -48.0
10.18 -56.0
10.18 -56.0
10.18 -58.0
10.18 -48.0
10.18 -57.0
10.18 -54.0
17.3 -73.0
17.3 -72.0
17.3 -74.0
17.3 -74.0
17.3 -74.0
17.3 -71.0
17.3 -76.0
17.3 -75.0
17.3 -75.0
17.3 -75.0
17.3 -75.0
17.3 -73.0
17.3 -75.0
17.3 -73.0
17.3 -74.0
17.3 -79.0
17.3 -73.0
17.3 -76.0
17.3 -73.0
17.3 -76.0
17.3 -73.0
17.3 -72.0
17.3 -75.0
17.3 -76.0
18.98 -78.0
18.98 -67.0
18.98 -70.0
18.98 -65.0
18.98 -68.0
18.98 -70.0
18.98 -73.0
18.98 -69.0
18.98 -69.0
18.98 -75.0
18.98 -66.0
18.98 -74.0
18.98 -71.0
18.98 -71.0
18.98 -67.0
18.98 -68.0
18.98 -72.5
18.98 -69.0
18.98 -76.0
18.98 -74.0
18.98 -73.0
18.98 -74.0
18.98 -68.0
18.98 -72.0
18.98 -71.0
23.45 -60.0
23.45 -72.0
23.45 -55.0
23.45 -63.0
23.45 -63.0
23.45 -60.0
23.45 -59.0
23.45 -62.0
23.45 -61.0
23.45 -56.0
23.45 -59.0
23.45 -57.0
23.45 -56.0
23.45 -63.0
23.45 -69.0
23.45 -62.0
23.45 -58.0
23.45 -59.0
23.45 -57.0
23.45 -64.0
23.45 -63.0
23.45 -55.0
23.45 -58.0
23.45 -58.0
23.45 -59.0
22.93 -83.0
22.93 -86.0
22.93 -83.0
22.93 -83.0
22.93 -85.0
22.93 -83.0
22.93 -84.0
22.93 -86.0
22.93 -84.0
22.93 -82.0
22.93 -84.0
22.93 -82.0
22.93 -84.0
22.93 -83.0
22.93 -85.0
22.93 -84.0
22.93 -82.0
22.93 -85.0
22.93 -84.0
22.93 -87.0
22.93 -86.0
22.93 -85.0
22.93 -85.0
22.93 -87.0
22.93 -84.0
7.1 -56.0
7.1 -56.0
7.1 -59.0
7.1 -58.0
7.1 -56.0
7.1 -55.0
7.1 -55.0
7.1 -56.0
7.1 -57.0
7.1 -55.0
7.1 -62.0
7.1 -62.0
7.1 -64.0
7.1 -55.0
7.1 -59.0
7.1 -59.0
7.1 -63.0
7.1 -56.0
7.1 -59.0
7.1 -65.0
7.1 -57.0
7.1 -58.0
7.1 -62.0
7.1 -58.0
7.1 -54.5
18.89 -66.0
18.89 -65.0
18.89 -59.0
18.89 -59.0
18.89 -60.0
18.89 -59.0
18.89 -63.0
18.89 -60.0
18.89 -57.0
18.89 -71.0
18.89 -71.0
18.89 -64.0
18.89 -61.0
18.89 -63.0
18.89 -61.0
18.89 -59.0
18.89 -68.0
18.89 -60.0
18.89 -58.0
18.89 -61.0
18.89 -61.0
18.89 -61.0
18.89 -70.0
18.89 -58.0
18.89 -61.0
22.01 -68.0
22.01 -62.0
22.01 -66.0
22.01 -59.0
22.01 -65.0
22.01 -63.0
22.01 -68.0
22.01 -64.0
22.01 -59.0
22.01 -62.5
22.01 -59.0
22.01 -66.0
22.01 -72.0
22.01 -59.0
22.01 -60.0
22.01 -61.0
22.01 -70.0
22.01 -69.0
22.01 -58.0
22.01 -60.0
22.01 -67.0
22.01 -59.0
22.01 -67.0
22.01 -63.0
22.01 -63.0
11.93 -72.0
11.93 -69.0
11.93 -69.0
11.93 -70.0
11.93 -74.0
11.93 -68.0
11.93 -68.0
11.93 -70.0
11.93 -73.0
11.93 -86.0
11.93 -65.0
11.93 -68.0
11.93 -68.0
11.93 -85.0
11.93 -73.0
11.93 -71.0
11.93 -68.0
11.93 -72.0
11.93 -68.0
11.93 -72.0
11.93 -74.0
11.93 -70.0
11.93 -69.0
11.93 -71.0
11.93 -70.0
2.58 -55.0
2.58 -57.0
2.58 -56.0
2.58 -50.0
2.58 -62.0
2.58 -59.0
2.58 -66.0
2.58 -47.0
2.58 -58.0
2.58 -48.0
2.58 -48.0
2.58 -45.0
2.58 -53.0
2.58 -49.0
2.58 -59.0
2.58 -48.0
2.58 -49.0
2.58 -49.0
2.58 -47.0
2.58 -48.0
2.58 -58.0
2.58 -49.0
2.58 -55.0
2.58 -52.0
2.58 -56.0
5.93 -51.0
5.93 -51.0
5.93 -54.0
5.93 -53.0
5.93 -53.0
5.93 -51.0
5.93 -53.0
5.93 -51.0
5.93 -52.0
5.93 -52.0
5.93 -53.0
5.93 -57.0
5.93 -51.0
5.93 -48.0
5.93 -51.0
5.93 -52.0
5.93 -52.0
5.93 -54.0
5.93 -53.0
5.93 -53.0
5.93 -53.0
5.93 -53.0
5.93 -52.0
5.93 -56.0
5.93 -52.0
8.29 -63.0
8.29 -59.0
8.29 -59.0
8.29 -57.0
8.29 -64.0
8.29 -61.0
8.29 -64.0
8.29 -62.0
8.29 -63.0
8.29 -60.0
8.29 -61.0
8.29 -57.0
8.29 -64.0
8.29 -62.0
8.29 -57.0
8.29 -53.0
8.29 -63.0
8.29 -59.0
8.29 -63.0
8.29 -63.0
8.29 -61.0
8.29 -62.0
8.29 -62.0
8.29 -59.0
8.29 -62.0
20.86 -74.0
20.86 -77.0
20.86 -79.0
20.86 -74.0
20.86 -77.0
20.86 -79.0
20.86 -78.0
20.86 -75.0
20.86 -75.0
20.86 -75.0
20.86 -78.0
20.86 -80.0
20.86 -81.0
20.86 -80.0
20.86 -79.0
20.86 -77.0
20.86 -77.0
20.86 -81.0
20.86 -74.0
20.86 -80.0
20.86 -75.0
20.86 -77.0
20.86 -77.0
20.86 -82.0
26.21 -86.0
26.21 -86.5
26.21 -85.0
26.21 -86.0
26.21 -83.0
26.21 -83.0
26.21 -84.0
26.21 -86.0
26.21 -83.0
26.21 -83.0
26.21 -85.0
26.21 -85.0
26.21 -82.0
26.21 -86.5
26.21 -83.0
26.21 -85.0
26.21 -86.0
26.21 -85.0
26.21 -85.0
26.21 -84.0
26.21 -85.0
26.21 -87.0
26.21 -81.0
14.4 -61.0
14.4 -62.0
14.4 -61.0
14.4 -68.0
14.4 -65.0
14.4 -65.0
14.4 -62.0
14.4 -68.0
14.4 -60.0
14.4 -71.0
14.4 -61.0
14.4 -61.0
14.4 -61.0
14.4 -63.0
14.4 -61.0
14.4 -68.0
14.4 -62.0
14.4 -68.0
14.4 -62.0
14.4 -64.0
14.4 -60.0
14.4 -65.0
14.4 -66.0
14.4 -66.0
14.4 -68.0
17.55 -62.0
17.55 -60.0
17.55 -57.0
17.55 -57.0
17.55 -63.0
17.55 -59.0
17.55 -61.0
17.55 -57.0
17.55 -59.0
17.55 -61.0
17.55 -62.0
17.55 -59.0
17.55 -63.0
17.55 -63.0
17.55 -63.0
17.55 -72.0
17.55 -58.0
17.55 -64.0
17.55 -58.0
17.55 -58.0
17.55 -56.0
17.55 -56.0
17.55 -56.0
17.55 -61.0
17.55 -55.0
34.23 -87.0
34.23 -91.0
34.23 -90.0
34.23 -89.0
34.23 -87.0
34.23 -89.0
34.23 -86.0
34.23 -89.0
34.23 -86.0
34.23 -86.0
34.23 -91.0
34.23 -86.0
34.23 -88.0
34.23 -87.0
34.23 -83.0
34.23 -88.0
34.23 -85.0
34.23 -88.0
34.23 -86.0
34.23 -90.0
34.23 -87.0
34.23 -86.0
34.23 -85.0
3.89 -51.0
3.89 -54.0
3.89 -49.0
3.89 -55.0
3.89 -50.0
3.89 -51.0
3.89 -56.0
3.89 -58.0
3.89 -51.0
3.89 -54.0
3.89 -50.0
3.89 -56.0
3.89 -52.0
3.89 -55.5
3.89 -50.0
3.89 -57.0
3.89 -59.0
3.89 -51.0
3.89 -51.0
3.89 -53.0
3.89 -52.0
3.89 -52.0
3.89 -48.0
3.89 -51.0
3.89 -58.0
2.16 -47.0
2.16 -47.0
2.16 -48.0
2.16 -47.0
2.16 -47.0
2.16 -47.0
2.16 -47.0
2.16 -47.0
2.16 -48.0
2.16 -48.0
2.16 -47.0
2.16 -47.0
2.16 -45.0
2.16 -47.0
2.16 -48.0
2.16 -48.0
2.16 -48.0
2.16 -47.0
2.16 -47.0
2.16 -48.0
2.16 -48.0
2.16 -47.0
2.16 -48.0
2.16 -48.0
2.16 -48.0
8.27 -60.0
8.27 -59.0
8.27 -59.0
8.27 -66.0
8.27 -55.0
8.27 -56.0
8.27 -58.0
8.27 -60.0
8.27 -56.0
8.27 -61.0
8.27 -58.0
8.27 -60.0
8.27 -60.0
8.27 -61.0
8.27 -60.0
8.27 -58.0
8.27 -58.0
8.27 -56.0
8.27 -63.0
8.27 -63.0
8.27 -64.0
8.27 -63.0
8.27 -56.0
8.27 -67.0
8.27 -58.0
18.64 -74.0
18.64 -75.0
18.64 -75.0
18.64 -75.0
18.64 -73.0
18.64 -74.0
18.64 -75.0
18.64 -75.0
18.64 -73.0
18.64 -76.0
18.64 -72.0
18.64 -73.0
18.64 -73.0
18.64 -73.0
18.64 -74.0
18.64 -73.0
18.64 -71.0
18.64 -76.0
18.64 -72.0
18.64 -73.0
18.64 -79.0
18.64 -72.0
18.64 -70.0
18.64 -72.0
18.64 -75.0
20.43 -78.0
20.43 -73.0
20.43 -72.0
20.43 -72.0
20.43 -77.0
20.43 -77.0
20.43 -77.0
20.43 -77.0
20.43 -73.0
20.43 -73.0
20.43 -71.0
20.43 -74.0
20.43 -76.0
20.43 -76.0
20.43 -76.0
20.43 -75.0
20.43 -73.0
20.43 -76.0
20.43 -76.0
20.43 -74.0
20.43 -77.0
20.43 -77.0
20.43 -76.0
20.43 -73.0
20.43 -73.0
24.09 -85.0
24.09 -86.0
24.09 -85.0
24.09 -84.0
24.09 -90.0
24.09 -85.0
24.09 -91.0
24.09 -88.0
24.09 -87.0
24.09 -84.0
24.09 -86.0
24.09 -87.0
24.09 -83.0
24.09 -87.0
24.09 -88.0
24.09 -87.0
24.09 -85.0
24.09 -83.0
24.09 -83.0
24.09 -88.0
24.09 -85.0
24.09 -86.0
24.09 -83.0
24.09 -85.0
24.09 -84.0
7.76 -54.0
7.76 -56.0
7.76 -51.0
7.76 -58.0
7.76 -56.0
7.76 -53.0
7.76 -59.0
7.76 -56.0
7.76 -58.0
7.76 -57.0
7.76 -60.0
7.76 -64.0
7.76 -57.0
7.76 -62.0
7.76 -55.0
7.76 -59.0
7.76 -58.0
7.76 -58.0
7.76 -59.0
7.76 -61.0
7.76 -57.0
7.76 -65.0
7.76 -66.0
7.76 -62.0
7.76 -57.0
15.87 -63.0
15.87 -62.0
15.87 -66.0
15.87 -60.0
15.87 -52.0
15.87 -53.0
15.87 -62.0
15.87 -55.0
15.87 -58.0
15.87 -66.0
15.87 -65.0
15.87 -53.0
15.87 -66.0
15.87 -52.0
15.87 -53.0
15.87 -65.0
15.87 -65.0
15.87 -52.0
15.87 -64.0
15.87 -56.0
15.87 -53.0
15.87 -57.0
15.87 -53.0
15.87 -65.0
15.87 -66.0
13.02 -69.0
13.02 -63.0
13.02 -66.0
13.02 -58.0
13.02 -65.0
13.02 -60.0
13.02 -63.0
13.02 -57.0
13.02 -57.0
13.02 -58.0
13.02 -59.0
13.02 -64.0
13.02 -57.0
13.02 -63.0
13.02 -68.0
13.02 -57.0
13.02 -64.0
13.02 -65.0
13.02 -64.0
13.02 -64.0
13.02 -57.0
13.02 -59.0
13.02 -57.0
13.02 -56.0
13.02 -63.0
4.14 -51.0
4.14 -56.0
4.14 -52.0
4.14 -52.0
4.14 -58.0
4.14 -51.0
4.14 -63.0
4.14 -55.0
4.14 -54.0
4.14 -51.0
4.14 -57.0
4.14 -57.0
4.14 -50.0
4.14 -58.0
4.14 -56.0
4.14 -53.0
4.14 -50.0
4.14 -53.0
4.14 -51.0
4.14 -53.0
4.14 -50.0
4.14 -52.0
4.14 -50.0
4.14 -58.0
4.14 -51.0
24.94 -71.0
24.94 -59.0
24.94 -58.0
24.94 -57.0
24.94 -59.0
24.94 -57.0
24.94 -61.0
24.94 -64.0
24.94 -61.0
24.94 -56.0
24.94 -57.0
24.94 -55.0
24.94 -57.0
24.94 -55.0
24.94 -65.0
24.94 -59.0
24.94 -56.0
24.94 -56.0
24.94 -56.0
24.94 -63.0
24.94 -64.0
24.94 -55.0
24.94 -63.0
24.94 -61.0
24.94 -57.0
5.72 -57.0
5.72 -58.0
5.72 -57.0
5.72 -56.0
5.72 -57.0
5.72 -57.0
5.72 -57.0
5.72 -57.0
5.72 -58.0
5.72 -57.0
5.72 -58.0
5.72 -57.0
5.72 -55.0
5.72 -56.0
5.72 -63.0
5.72 -55.0
5.72 -59.0
5.72 -57.0
5.72 -57.0
5.72 -57.0
5.72 -58.0
5.72 -57.0
5.72 -60.0
5.72 -56.0
5.72 -56.0
27.72 -82.0
27.72 -90.0
27.72 -83.0
27.72 -83.0
27.72 -84.0
27.72 -82.0
27.72 -88.0
27.72 -85.0
27.72 -81.0
27.72 -83.0
27.72 -86.0
27.72 -89.0
27.72 -85.0
27.72 -84.0
27.72 -83.0
27.72 -87.0
27.72 -84.0
27.72 -83.0
27.72 -88.0
27.72 -89.0
27.72 -88.0
27.72 -84.0
27.72 -86.0
27.72 -84.0
8.6 -52.0
8.6 -54.0
8.6 -55.0
8.6 -64.0
8.6 -56.0
8.6 -58.0
8.6 -63.0
8.6 -54.0
8.6 -54.0
8.6 -53.5
8.6 -55.0
8.6 -58.0
8.6 -53.0
8.6 -57.0
8.6 -53.0
8.6 -61.0
8.6 -54.0
8.6 -59.0
8.6 -53.0
8.6 -53.0
8.6 -61.0
8.6 -59.0
8.6 -53.0
8.6 -55.0
8.6 -69.0
34.93 -87.0
34.93 -85.0
34.93 -87.0
34.93 -89.0
34.93 -89.0
34.93 -86.0
34.93 -87.0
34.93 -85.0
34.93 -85.0
34.93 -89.0
34.93 -86.0
34.93 -90.0
34.93 -87.0
34.93 -87.0
34.93 -89.0
34.93 -84.0
34.93 -86.0
34.93 -84.0
34.93 -84.0
34.93 -86.0
34.93 -85.0
34.93 -84.0
34.93 -86.0
34.93 -86.0
34.93 -87.0
13.95 -66.0
13.95 -67.0
13.95 -85.0
13.95 -71.0
13.95 -69.0
13.95 -68.0
13.95 -68.0
13.95 -70.0
13.95 -66.0
13.95 -67.0
13.95 -70.0
13.95 -68.0
13.95 -63.0
13.95 -69.0
13.95 -70.0
13.95 -64.0
13.95 -80.0
13.95 -70.0
13.95 -64.0
13.95 -66.0
13.95 -65.0
13.95 -69.0
13.95 -70.0
13.95 -78.0
13.95 -71.0
4.0 -45.0
4.0 -55.0
4.0 -49.0
4.0 -45.0
4.0 -55.0
4.0 -53.0
4.0 -46.0
4.0 -57.0
4.0 -44.0
4.0 -55.0
4.0 -55.0
4.0 -50.0
4.0 -53.0
4.0 -60.0
4.0 -44.0
4.0 -56.0
4.0 -49.0
4.0 -60.0
4.0 -45.0
4.0 -49.0
4.0 -52.0
4.0 -55.0
4.0 -45.0
4.0 -42.0
4.0 -45.0
7.31 -55.0
7.31 -57.0
7.31 -56.0
7.31 -58.0
7.31 -55.0
7.31 -55.0
7.31 -58.0
7.31 -55.0
7.31 -58.0
7.31 -57.0
7.31 -58.0
7.31 -55.0
7.31 -56.0
7.31 -57.0
7.31 -57.0
7.31 -55.0
7.31 -56.0
7.31 -53.0
7.31 -54.0
7.31 -60.0
7.31 -57.0
7.31 -55.0
7.31 -51.0
7.31 -57.0
7.15 -56.0
7.15 -53.0
7.15 -55.0
7.15 -57.0
7.15 -64.0
7.15 -62.0
7.15 -57.0
7.15 -59.0
7.15 -64.0
7.15 -56.0
7.15 -56.0
7.15 -57.0
7.15 -63.0
7.15 -55.0
7.15 -56.0
7.15 -57.0
7.15 -54.0
7.15 -60.0
7.15 -63.0
7.15 -55.0
7.15 -55.0
7.15 -55.0
7.15 -52.0
7.15 -64.0
18.9 -82.0
18.9 -79.0
18.9 -77.0
18.9 -81.0
18.9 -80.0
18.9 -81.0
18.9 -82.0
18.9 -78.0
18.9 -83.0
18.9 -85.0
18.9 -87.0
18.9 -82.0
18.9 -82.0
18.9 -79.0
18.9 -82.0
18.9 -79.0
18.9 -86.0
18.9 -88.0
18.9 -77.0
18.9 -81.0
18.9 -82.0
18.9 -79.0
18.9 -80.0
20.46 -57.0
20.46 -56.0
20.46 -61.0
20.46 -59.0
20.46 -60.0
20.46 -63.0
20.46 -63.0
20.46 -60.0
20.46 -62.0
20.46 -62.0
20.46 -59.0
20.46 -59.0
20.46 -57.0
20.46 -59.0
20.46 -57.0
20.46 -57.0
20.46 -68.0
20.46 -75.0
20.46 -68.0
20.46 -64.0
20.46 -60.0
20.46 -56.0
20.46 -61.0
20.46 -70.0
20.46 -56.0
25.07 -88.0
25.07 -82.0
25.07 -83.0
25.07 -82.0
25.07 -82.0
25.07 -82.0
25.07 -85.0
25.07 -88.0
25.07 -81.0
25.07 -83.0
25.07 -81.0
25.07 -87.0
25.07 -81.0
25.07 -81.0
25.07 -82.0
25.07 -82.0
25.07 -90.0
25.07 -88.0
25.07 -82.0
25.07 -85.0
25.07 -91.0
25.07 -87.0
25.07 -86.0
25.07 -81.0
25.07 -81.0
15.9 -56.0
15.9 -60.0
15.9 -60.0
15.9 -62.0
15.9 -59.0
15.9 -59.0
15.9 -59.0
15.9 -61.0
15.9 -62.0
15.9 -61.0
15.9 -66.0
15.9 -58.0
15.9 -63.0
15.9 -58.0
15.9 -58.0
15.9 -59.0
15.9 -57.0
15.9 -58.0
15.9 -58.0
15.9 -61.0
15.9 -59.0
15.9 -60.0
15.9 -59.0
15.9 -59.0
15.9 -61.0
19.03 -61.0
19.03 -64.0
19.03 -63.0
19.03 -63.0
19.03 -57.0
19.03 -59.0
19.03 -65.0
19.03 -61.0
19.03 -61.0
19.03 -65.0
19.03 -61.0
19.03 -60.5
19.03 -58.0
19.03 -68.0
19.03 -67.0
19.03 -59.0
19.03 -60.0
19.03 -64.0
19.03 -64.0
19.03 -64.0
19.03 -64.0
19.03 -64.0
19.03 -61.0
19.03 -66.0
19.03 -61.0
13.3 -66.0
13.3 -66.0
13.3 -67.0
13.3 -67.0
13.3 -62.0
13.3 -65.0
13.3 -69.0
13.3 -68.0
13.3 -69.0
13.3 -69.0
13.3 -67.0
13.3 -66.0
13.3 -66.0
13.3 -68.0
13.3 -66.0
13.3 -64.0
13.3 -73.0
13.3 -66.0
13.3 -67.0
13.3 -67.0
13.3 -68.0
13.3 -69.0
13.3 -71.0
13.3 -68.0
13.3 -67.0
3.46 -46.0
3.46 -45.0
3.46 -48.0
3.46 -56.0
3.46 -51.0
3.46 -44.0
3.46 -53.0
3.46 -45.0
3.46 -52.0
3.46 -50.0
3.46 -45.0
3.46 -49.0
3.46 -54.0
3.46 -52.0
3.46 -51.0
3.46 -51.0
3.46 -50.0
3.46 -46.0
3.46 -46.0
3.46 -51.0
3.46 -44.0
3.46 -54.0
3.46 -44.0
3.46 -54.0
3.46 -45.0
7.49 -58.0
7.49 -56.0
7.49 -57.0
7.49 -56.0
7.49 -54.0
7.49 -53.0
7.49 -56.0
7.49 -55.0
7.49 -58.0
7.49 -58.0
7.49 -56.0
7.49 -61.0
7.49 -58.0
7.49 -59.0
7.49 -57.0
7.49 -58.0
7.49 -57.0
7.49 -56.0
7.49 -55.0
7.49 -64.0
7.49 -62.0
7.49 -61.0
7.49 -60.0
7.49 -53.0
7.49 -61.0
22.28 -71.0
22.28 -71.0
22.28 -74.0
22.28 -71.0
22.28 -71.0
22.28 -70.0
22.28 -71.0
22.28 -74.0
22.28 -73.0
22.28 -73.0
22.28 -72.0
22.28 -74.0
22.28 -69.0
22.28 -73.0
22.28 -76.0
22.28 -70.0
22.28 -71.0
22.28 -73.0
22.28 -72.0
22.28 -72.0
22.28 -71.0
22.28 -79.0
22.28 -72.0
22.28 -71.0
22.28 -70.0
6.52 -59.0
6.52 -57.0
6.52 -53.0
6.52 -55.0
6.52 -56.0
6.52 -57.0
6.52 -58.0
6.52 -54.0
6.52 -60.0
6.52 -55.0
6.52 -57.0
6.52 -60.0
6.52 -58.0
6.52 -58.0
6.52 -56.0
6.52 -58.0
6.52 -59.0
6.52 -55.0
6.52 -59.0
6.52 -58.0
6.52 -56.0
6.52 -59.0
6.52 -58.0
6.52 -57.0
6.52 -56.0
28.58 -87.0
28.58 -87.0
28.58 -86.0
28.58 -82.0
28.58 -88.0
28.58 -90.0
28.58 -82.0
28.58 -90.0
28.58 -85.0
28.58 -84.0
28.58 -85.0
28.58 -84.0
28.58 -85.0
28.58 -84.0
28.58 -86.0
28.58 -83.0
28.58 -86.0
28.58 -85.0
28.58 -88.0
28.58 -80.0
28.58 -86.0
28.58 -85.0
28.58 -86.0
28.58 -87.0
28.58 -87.0
14.58 -55.0
14.58 -68.0
14.58 -67.0
14.58 -55.0
14.58 -54.0
14.58 -55.0
14.58 -54.0
14.58 -67.0
14.58 -54.0
14.58 -68.0
14.58 -67.0
14.58 -68.0
14.58 -55.0
14.58 -67.0
14.58 -68.0
14.58 -55.0
14.58 -68.0
14.58 -55.0
14.58 -67.0
14.58 -54.0
14.58 -55.0
14.58 -54.0
14.58 -66.0
14.58 -67.0
14.58 -55.0
15.29 -70.0
15.29 -69.0
15.29 -67.0
15.29 -68.0
15.29 -68.0
15.29 -68.0
15.29 -67.0
15.29 -69.0
15.29 -69.0
15.29 -69.0
15.29 -69.0
15.29 -70.0
15.29 -68.0
15.29 -68.0
15.29 -72.0
15.29 -69.0
15.29 -63.0
15.29 -69.0
15.29 -68.0
15.29 -69.0
15.29 -68.0
15.29 -72.0
15.29 -68.0
15.29 -68.5
15.29 -67.0
2.91 -53.0
2.91 -55.0
2.91 -59.0
2.91 -58.0
2.91 -56.0
2.91 -53.0
2.91 -57.0
2.91 -48.0
2.91 -53.0
2.91 -56.0
2.91 -56.0
2.91 -57.0
2.91 -57.0
2.91 -57.0
2.91 -56.0
2.91 -53.0
2.91 -62.0
2.91 -57.0
2.91 -53.0
2.91 -53.0
2.91 -56.0
2.91 -53.0
2.91 -56.0
2.91 -58.0
2.91 -53.0
20.13 -73.0
20.13 -85.0
20.13 -84.0
20.13 -73.0
20.13 -79.0
20.13 -74.0
20.13 -81.0
20.13 -73.0
20.13 -73.0
20.13 -82.0
20.13 -82.0
20.13 -74.0
20.13 -72.0
20.13 -73.0
20.13 -86.0
20.13 -70.0
20.13 -81.0
20.13 -81.0
20.13 -82.0
20.13 -86.0
20.13 -73.0
20.13 -73.0
20.13 -80.0
20.13 -85.0
20.13 -85.0
21.88 -77.0
21.88 -79.0
21.88 -70.0
21.88 -73.0
21.88 -76.0
21.88 -80.0
21.88 -74.0
21.88 -72.0
21.88 -75.0
21.88 -71.0
21.88 -72.0
21.88 -75.0
21.88 -77.0
21.88 -75.0
21.88 -80.0
21.88 -75.0
21.88 -76.0
21.88 -78.0
21.88 -74.0
21.88 -76.0
21.88 -74.0
21.88 -77.0
21.88 -77.0
21.88 -74.0
21.88 -74.0
26.48 -92.0
26.48 -89.0
26.48 -83.0
26.48 -81.0
26.48 -82.0
26.48 -92.0
26.48 -91.0
26.48 -87.0
26.48 -81.0
26.48 -82.0
26.48 -89.0
26.48 -81.0
26.48 -81.0
26.48 -85.5
26.48 -89.0
26.48 -86.0
26.48 -88.0
26.48 -89.0
26.48 -82.0
26.48 -85.0
26.48 -87.0
26.48 -86.0
26.48 -86.0
26.48 -91.0
8.63 -57.0
8.63 -57.0
8.63 -58.0
8.63 -59.0
8.63 -62.0
8.63 -58.0
8.63 -53.0
8.63 -51.0
8.63 -58.0
8.63 -60.0
8.63 -58.0
8.63 -53.0
8.63 -54.0
8.63 -56.0
8.63 -57.0
8.63 -53.0
8.63 -58.0
8.63 -55.0
8.63 -60.0
8.63 -56.0
8.63 -56.0
8.63 -59.0
8.63 -58.0
8.63 -60.0
8.63 -58.0
