19.26 -92.0
19.26 -92.0
19.26 -93.0
19.26 -95.0
19.26 -93.0
19.26 -91.0
19.26 -92.0
19.26 -91.0
19.26 -93.0
6.72 -65.0
6.72 -66.0
6.72 -67.0
6.72 -66.0
6.72 -69.0
6.72 -66.0
6.72 -65.0
6.72 -69.0
6.72 -65.0
6.72 -66.0
6.72 -69.0
6.72 -65.0
6.72 -69.0
6.72 -69.0
6.72 -68.0
6.72 -68.0
6.72 -68.0
6.72 -69.0
6.72 -66.0
6.72 -74.0
6.72 -66.0
6.72 -68.0
11.04 -61.0
11.04 -63.0
11.04 -65.0
11.04 -68.0
11.04 -63.0
11.04 -61.0
11.04 -60.0
11.04 -61.0
11.04 -63.0
11.04 -60.0
11.04 -62.0
11.04 -60.0
11.04 -71.0
11.04 -64.0
11.04 -60.0
11.04 -64.0
11.04 -62.0
11.04 -64.0
11.04 -76.0
11.04 -67.0
11.04 -61.0
11.04 -62.0
11.04 -63.0
11.04 -59.0
19.07 -93.0
19.07 -81.0
19.07 -89.0
19.07 -85.0
19.07 -95.0
19.07 -82.0
19.07 -92.0
19.07 -87.0
19.07 -78.0
19.07 -85.0
19.07 -86.0
19.07 -84.0
19.07 -91.0
19.07 -85.0
19.07 -84.5
19.07 -89.0
19.07 -84.0
19.07 -91.0
19.07 -87.0
19.07 -82.0
19.07 -91.0
19.07 -82.0
10.96 -68.0
10.96 -67.0
10.96 -68.0
10.96 -68.0
10.96 -74.0
10.96 -64.0
10.96 -68.0
10.96 -69.0
10.96 -67.0
10.96 -72.0
10.96 -74.0
10.96 -68.0
10.96 -77.0
10.96 -65.0
10.96 -74.0
10.96 -65.0
10.96 -67.5
10.96 -68.0
10.96 -76.0
10.96 -68.0
10.96 -69.0
10.96 -68.0
27.54 -70.0
27.54 -75.0
27.54 -76.0
27.54 -77.0
27.54 -77.0
27.54 -75.0
27.54 -73.0
27.54 -73.0
27.54 -75.0
27.54 -73.0
27.54 -74.0
27.54 -72.5
27.54 -74.0
27.54 -74.0
27.54 -72.0
27.54 -73.0
27.54 -74.0
27.54 -73.0
27.54 -76.0
27.54 -80.0
27.54 -72.0
27.54 -71.0
27.54 -74.0
17.75 -92.0
17.75 -94.0
17.75 -91.0
17.75 -91.0
17.75 -92.0
17.75 -93.0
17.75 -92.0
17.75 -92.0
17.75 -94.0
13.03 -92.0
13.03 -92.0
13.03 -92.0
13.03 -94.0
13.03 -94.0
13.03 -93.0
13.03 -93.0
13.03 -94.0
13.03 -94.0
13.03 -91.0
13.03 -90.0
13.03 -89.0
19.9 -83.0
19.9 -84.0
19.9 -81.0
19.9 -83.0
19.9 -87.0
19.9 -83.0
19.9 -81.0
19.9 -88.0
19.9 -80.0
19.9 -87.0
19.9 -82.5
19.9 -86.0
19.9 -81.0
19.9 -82.0
19.9 -82.0
19.9 -82.0
19.9 -83.0
19.9 -86.0
19.9 -87.0
19.9 -81.0
19.9 -81.0
19.9 -86.0
19.9 -80.0
19.9 -81.0
15.54 -69.0
15.54 -68.0
15.54 -70.0
15.54 -69.0
15.54 -70.0
15.54 -69.0
15.54 -68.5
15.54 -70.0
15.54 -71.0
15.54 -69.0
15.54 -67.0
15.54 -73.0
15.54 -72.0
15.54 -67.0
15.54 -70.0
15.54 -71.0
15.54 -70.0
15.54 -67.0
15.54 -70.0
15.54 -71.0
15.54 -71.0
15.54 -68.0
15.54 -71.0
9.91 -79.0
9.91 -73.0
9.91 -72.0
9.91 -71.0
9.91 -70.0
9.91 -73.0
9.91 -73.0
9.91 -75.0
9.91 -71.0
9.91 -70.5
9.91 -73.0
9.91 -76.0
9.91 -73.0
9.91 -73.0
9.91 -71.0
9.91 -70.0
9.91 -74.0
9.91 -71.0
9.91 -71.0
9.91 -72.0
9.91 -74.0
9.91 -77.0
23.54 -92.0
23.08 -74.0
23.08 -72.0
23.08 -73.0
23.08 -72.0
23.08 -71.0
23.08 -68.0
23.08 -72.0
23.08 -73.0
23.08 -72.0
23.08 -72.0
23.08 -73.0
23.08 -72.0
23.08 -72.0
23.08 -73.0
23.08 -72.0
23.08 -73.0
23.08 -73.0
23.08 -72.0
23.08 -67.0
23.08 -73.0
23.08 -73.0
23.08 -73.0
19.31 -91.0
19.31 -92.0
19.31 -91.0
19.31 -91.0
11.13 -70.0
11.13 -66.0
11.13 -68.0
11.13 -69.0
11.13 -73.0
11.13 -69.0
11.13 -69.0
11.13 -73.0
11.13 -66.0
11.13 -72.0
11.13 -67.0
11.13 -67.0
11.13 -70.0
11.13 -67.0
11.13 -69.0
11.13 -67.0
11.13 -69.0
11.13 -74.0
11.13 -69.0
11.13 -76.0
11.13 -67.0
11.13 -66.0
11.13 -68.0
11.13 -68.0
11.13 -69.0
12.96 -90.0
12.96 -88.0
12.96 -91.0
12.96 -88.0
12.96 -89.0
12.96 -93.0
12.96 -91.0
12.96 -90.0
12.96 -92.0
12.96 -88.0
12.96 -89.0
12.96 -88.0
12.96 -85.0
12.96 -86.0
12.96 -88.0
12.96 -86.0
12.96 -92.0
12.96 -91.0
12.96 -87.0
11.78 -72.0
11.78 -69.0
11.78 -72.0
11.78 -70.0
11.78 -71.0
11.78 -70.0
11.78 -71.0
11.78 -69.0
11.78 -72.0
11.78 -72.0
11.78 -71.0
11.78 -71.0
11.78 -69.0
11.78 -69.0
11.78 -68.0
11.78 -70.0
11.78 -79.0
11.78 -69.0
11.78 -70.0
11.78 -70.0
11.78 -69.0
11.78 -74.0
11.78 -72.0
11.78 -71.0
27.58 -76.0
27.58 -75.0
27.58 -75.0
27.58 -74.0
27.58 -75.0
27.58 -73.0
27.58 -84.0
27.58 -73.0
27.58 -76.0
27.58 -75.0
27.58 -76.0
27.58 -84.0
27.58 -76.0
27.58 -74.0
27.58 -79.0
27.58 -84.0
27.58 -76.0
27.58 -77.0
27.58 -75.0
27.58 -75.0
27.58 -74.0
27.58 -84.0
27.58 -74.0
27.58 -74.0
27.58 -75.0
16.22 -92.0
16.22 -92.0
16.22 -92.0
16.22 -92.0
16.22 -93.0
16.22 -93.0
16.22 -92.0
16.22 -92.0
16.22 -92.0
16.22 -92.0
16.22 -92.0
16.22 -92.0
16.22 -92.0
16.22 -93.0
16.22 -92.0
8.04 -65.0
8.04 -67.0
8.04 -64.0
8.04 -64.0
8.04 -67.0
8.04 -66.0
8.04 -64.0
8.04 -64.0
8.04 -69.0
8.04 -66.0
8.04 -64.0
8.04 -66.0
8.04 -69.0
8.04 -67.0
8.04 -66.0
8.04 -69.0
8.04 -65.0
8.04 -63.0
8.04 -65.0
8.04 -65.0
8.04 -65.0
8.04 -70.0
8.04 -69.0
8.04 -66.0
18.49 -88.0
18.49 -79.0
18.49 -80.0
18.49 -79.0
18.49 -87.0
18.49 -77.0
18.49 -80.0
18.49 -79.0
18.49 -89.0
18.49 -88.0
18.49 -89.0
18.49 -79.0
18.49 -88.0
18.49 -85.0
18.49 -78.0
18.49 -81.0
18.49 -81.0
18.49 -78.0
18.49 -87.0
18.49 -79.0
18.49 -80.0
18.49 -80.0
18.49 -81.0
15.61 -67.0
15.61 -69.0
15.61 -71.0
15.61 -66.0
15.61 -68.0
15.61 -66.0
15.61 -68.0
15.61 -65.0
15.61 -73.0
15.61 -67.0
15.61 -71.0
15.61 -70.0
15.61 -66.0
15.61 -64.0
15.61 -74.0
15.61 -68.0
15.61 -66.0
15.61 -66.0
15.61 -69.0
15.61 -68.0
15.61 -66.0
15.61 -66.0
15.61 -69.0
15.61 -71.0
15.61 -66.0
26.04 -71.0
26.04 -77.0
26.04 -76.0
26.04 -75.0
26.04 -74.0
26.04 -76.0
26.04 -76.0
26.04 -74.33333333333333
26.04 -71.0
26.04 -77.0
26.04 -72.0
26.04 -76.5
26.04 -78.0
26.04 -73.0
26.04 -76.0
26.04 -76.0
26.04 -74.0
26.04 -78.0
26.04 -73.0
26.04 -77.0
26.04 -74.0
26.04 -74.0
26.04 -75.0
11.03 -68.0
11.03 -71.0
11.03 -66.0
11.03 -68.0
11.03 -65.0
11.03 -66.0
11.03 -67.0
11.03 -65.0
11.03 -64.0
11.03 -68.0
11.03 -67.0
11.03 -67.0
11.03 -67.0
11.03 -68.0
11.03 -66.0
11.03 -67.0
11.03 -67.0
11.03 -65.0
11.03 -68.0
11.03 -66.0
11.03 -69.0
11.03 -66.0
18.14 -91.0
18.14 -92.0
18.14 -92.0
18.14 -91.0
18.14 -92.0
18.14 -92.0
18.14 -93.0
6.54 -61.0
6.54 -61.0
6.54 -60.0
6.54 -61.0
6.54 -61.0
6.54 -61.0
6.54 -61.0
6.54 -61.0
6.54 -67.0
6.54 -60.0
6.54 -60.0
6.54 -61.0
6.54 -60.0
6.54 -60.0
6.54 -67.0
6.54 -61.0
6.54 -61.0
6.54 -60.0
6.54 -60.0
6.54 -61.0
6.54 -61.0
6.54 -59.0
6.54 -60.0
14.04 -66.0
14.04 -68.0
14.04 -68.0
14.04 -71.0
14.04 -72.0
14.04 -72.0
14.04 -72.0
14.04 -71.0
14.04 -71.0
14.04 -73.0
14.04 -76.0
14.04 -71.0
14.04 -70.0
14.04 -73.0
14.04 -78.0
14.04 -72.0
14.04 -71.0
14.04 -72.0
14.04 -72.0
14.04 -69.0
14.04 -71.0
14.04 -75.0
14.04 -68.0
17.73 -81.0
17.73 -81.0
17.73 -80.0
17.73 -80.0
17.73 -80.0
17.73 -85.0
17.73 -76.0
17.73 -77.0
17.73 -82.0
17.73 -82.0
17.73 -84.0
17.73 -81.0
17.73 -81.0
17.73 -81.0
17.73 -80.0
17.73 -81.0
17.73 -82.0
17.73 -80.0
17.73 -81.0
17.73 -80.0
17.73 -83.0
17.73 -80.0
17.73 -80.0
17.73 -81.0
17.73 -83.0
12.03 -71.0
12.03 -71.0
12.03 -70.0
12.03 -71.0
12.03 -71.0
12.03 -69.0
12.03 -71.0
12.03 -74.0
12.03 -70.0
12.03 -69.0
12.03 -69.0
12.03 -68.0
12.03 -69.0
12.03 -70.0
12.03 -68.0
12.03 -70.0
12.03 -71.0
12.03 -70.0
12.03 -83.0
12.03 -72.0
12.03 -70.0
12.03 -73.0
12.03 -70.0
12.03 -70.0
9.99 -65.0
9.99 -66.0
9.99 -65.0
9.99 -64.0
9.99 -64.0
9.99 -63.0
9.99 -72.0
9.99 -64.0
9.99 -64.0
9.99 -64.0
9.99 -63.0
9.99 -64.0
9.99 -63.0
9.99 -64.0
9.99 -65.0
9.99 -63.0
9.99 -64.0
9.99 -65.0
9.99 -64.0
9.99 -63.0
9.99 -65.0
9.99 -66.0
9.99 -64.0
9.99 -65.0
9.99 -65.0
30.54 -77.5
30.54 -79.0
30.54 -68.5
30.54 -73.0
30.54 -79.0
30.54 -81.0
30.54 -80.0
30.54 -69.0
30.54 -78.0
30.54 -88.0
30.54 -72.0
30.54 -80.5
30.54 -74.0
30.54 -82.0
30.54 -69.0
30.54 -69.0
30.54 -69.0
30.54 -74.0
30.54 -70.0
30.54 -73.0
30.54 -76.0
16.29 -89.0
16.29 -94.0
16.29 -93.0
16.29 -95.0
16.29 -93.0
16.29 -93.0
16.29 -94.0
16.29 -95.0
16.29 -93.0
16.29 -95.0
16.29 -90.0
16.29 -94.0
16.29 -95.0
16.29 -94.0
16.29 -91.0
16.29 -94.0
16.29 -91.0
16.29 -93.0
16.29 -93.0
16.29 -91.0
17.32 -93.0
17.32 -90.0
17.32 -92.0
8.17 -68.0
8.17 -66.0
8.17 -67.0
8.17 -68.0
8.17 -66.0
8.17 -63.0
8.17 -62.0
8.17 -80.0
8.17 -67.0
8.17 -67.0
8.17 -64.0
8.17 -67.0
8.17 -78.0
8.17 -63.0
8.17 -67.0
8.17 -67.0
8.17 -67.0
8.17 -66.0
8.17 -66.0
8.17 -67.0
8.17 -64.5
8.17 -67.0
8.17 -67.0
8.17 -67.0
12.81 -90.0
12.81 -90.0
12.81 -92.0
12.81 -92.0
12.81 -92.0
12.81 -89.0
12.81 -91.0
12.81 -91.0
12.81 -85.0
12.81 -90.0
12.81 -92.0
12.81 -88.0
12.81 -90.0
12.81 -90.0
12.81 -91.0
12.81 -88.0
12.81 -91.0
12.81 -90.0
12.81 -91.0
12.81 -91.0
12.81 -90.0
18.54 -76.0
18.54 -74.0
18.54 -73.0
18.54 -75.0
18.54 -74.0
18.54 -71.0
18.54 -74.0
18.54 -73.0
18.54 -73.0
18.54 -76.0
18.54 -74.0
18.54 -74.0
18.54 -74.0
18.54 -73.0
18.54 -74.0
18.54 -70.0
18.54 -72.0
18.54 -71.0
18.54 -70.0
18.54 -73.0
18.54 -77.0
18.54 -76.0
18.54 -74.0
11.09 -72.0
11.09 -68.0
11.09 -72.0
11.09 -73.0
11.09 -71.0
11.09 -70.0
11.09 -68.0
11.09 -67.0
11.09 -66.0
11.09 -67.0
11.09 -69.0
11.09 -69.0
11.09 -68.0
11.09 -68.0
11.09 -69.0
11.09 -69.0
11.09 -68.0
11.09 -70.0
11.09 -71.0
11.09 -70.0
11.09 -68.0
11.09 -75.0
11.09 -70.0
11.09 -65.0
21.62 -92.0
26.08 -78.0
26.08 -77.0
26.08 -78.0
26.08 -78.0
26.08 -79.0
26.08 -80.0
26.08 -77.0
26.08 -78.0
26.08 -79.0
26.08 -78.0
26.08 -77.0
26.08 -78.0
26.08 -77.0
26.08 -77.0
26.08 -79.0
26.08 -78.0
26.08 -77.0
26.08 -77.0
26.08 -78.0
26.08 -77.0
26.08 -76.0
26.08 -79.0
26.08 -78.0
26.08 -79.0
17.18 -92.0
17.18 -92.0
17.18 -92.0
17.18 -93.0
17.18 -94.0
17.18 -92.0
17.18 -92.0
17.18 -93.0
17.18 -95.0
6.7 -60.0
6.7 -57.0
6.7 -61.0
6.7 -61.0
6.7 -60.0
6.7 -60.0
6.7 -61.0
6.7 -65.0
6.7 -63.0
6.7 -58.0
6.7 -61.0
6.7 -60.0
6.7 -60.0
6.7 -60.0
6.7 -59.0
6.7 -61.0
6.7 -61.0
6.7 -60.0
6.7 -61.0
6.7 -60.0
6.7 -61.0
6.7 -59.0
14.11 -68.0
14.11 -75.0
14.11 -68.0
14.11 -70.0
14.11 -68.0
14.11 -68.0
14.11 -68.0
14.11 -68.0
14.11 -72.0
14.11 -69.0
14.11 -68.0
14.11 -67.0
14.11 -69.0
14.11 -68.0
14.11 -68.5
14.11 -66.0
14.11 -68.0
14.11 -69.0
14.11 -71.0
14.11 -68.0
14.11 -70.0
14.11 -66.0
14.11 -67.0
14.11 -67.0
14.11 -69.0
13.75 -84.0
13.75 -86.0
13.75 -83.0
13.75 -79.0
13.75 -79.0
13.75 -81.0
13.75 -86.0
13.75 -83.0
13.75 -80.0
13.75 -79.0
13.75 -80.0
13.75 -82.0
13.75 -82.0
13.75 -84.0
13.75 -86.0
13.75 -81.0
13.75 -83.0
13.75 -82.0
13.75 -81.0
13.75 -85.0
13.75 -80.0
13.75 -82.5
16.4 -82.0
16.4 -84.0
16.4 -82.0
16.4 -83.0
16.4 -82.0
16.4 -81.0
16.4 -80.0
16.4 -81.0
16.4 -82.0
16.4 -78.0
16.4 -80.0
16.4 -78.0
16.4 -83.0
16.4 -83.0
16.4 -83.0
16.4 -76.0
16.4 -82.0
16.4 -84.0
16.4 -78.0
16.4 -78.0
16.4 -78.0
16.4 -84.0
16.4 -83.0
30.57 -79.0
30.57 -77.0
30.57 -76.0
30.57 -79.0
30.57 -77.5
30.57 -76.0
30.57 -75.0
30.57 -80.0
30.57 -78.0
30.57 -75.0
30.57 -76.0
30.57 -79.0
30.57 -76.0
30.57 -74.0
30.57 -80.0
30.57 -76.0
30.57 -77.0
30.57 -77.0
30.57 -79.0
30.57 -80.0
30.57 -79.0
30.57 -77.0
14.84 -92.0
14.84 -94.0
14.84 -91.0
14.84 -92.0
14.84 -92.0
14.84 -93.0
14.84 -92.0
14.84 -91.0
14.84 -92.0
14.84 -94.0
14.84 -94.0
14.84 -93.0
14.84 -93.0
14.84 -94.0
14.84 -95.0
14.84 -92.0
14.57 -94.0
14.57 -92.0
14.57 -93.0
14.57 -93.0
17.1 -75.0
17.1 -78.0
17.1 -77.0
17.1 -79.5
17.1 -81.0
17.1 -80.0
17.1 -78.0
17.1 -78.0
17.1 -78.0
17.1 -75.0
17.1 -78.0
17.1 -84.0
17.1 -78.0
17.1 -80.0
17.1 -77.0
17.1 -77.0
17.1 -77.0
17.1 -80.0
17.1 -74.0
17.1 -79.0
17.1 -78.0
17.1 -78.0
18.59 -80.0
18.59 -80.0
18.59 -80.0
18.59 -74.0
18.59 -73.0
18.59 -76.0
18.59 -75.0
18.59 -80.0
18.59 -74.0
18.59 -79.0
18.59 -73.0
18.59 -73.0
18.59 -80.0
18.59 -79.0
18.59 -75.0
18.59 -80.0
18.59 -74.0
18.59 -80.0
18.59 -76.0
18.59 -76.0
18.59 -74.0
18.59 -73.0
22.88 -92.0
22.88 -93.0
22.88 -94.0
29.04 -77.0
29.04 -74.0
29.04 -76.0
29.04 -75.0
29.04 -73.0
29.04 -83.0
29.04 -79.0
29.04 -77.0
29.04 -75.0
29.04 -78.0
29.04 -76.0
29.04 -76.0
29.04 -77.0
29.04 -77.0
29.04 -77.0
29.04 -78.0
29.04 -74.0
29.04 -74.0
29.04 -72.0
29.04 -73.0
29.04 -79.0
29.04 -74.0
29.04 -72.0
29.04 -77.0
10.06 -63.0
10.06 -65.0
10.06 -65.0
10.06 -65.0
10.06 -68.0
10.06 -61.0
10.06 -64.0
10.06 -67.0
10.06 -63.0
10.06 -62.0
10.06 -63.0
10.06 -63.0
10.06 -63.0
10.06 -65.0
10.06 -64.0
10.06 -63.0
10.06 -64.0
10.06 -65.0
10.06 -61.0
10.06 -62.0
10.06 -63.0
10.06 -61.0
10.06 -65.0
10.06 -64.0
10.06 -65.0
17.47 -91.0
17.47 -89.0
17.47 -91.0
17.47 -92.0
17.47 -90.0
17.47 -88.0
17.47 -92.0
17.47 -88.0
17.47 -89.0
17.47 -89.0
17.04 -67.0
17.04 -76.0
17.04 -76.0
17.04 -75.0
17.04 -67.0
17.04 -68.0
17.04 -63.0
17.04 -66.0
17.04 -71.5
17.04 -80.0
17.04 -78.0
17.04 -78.0
17.04 -67.0
17.04 -67.0
17.04 -68.0
17.04 -63.0
17.04 -68.0
17.04 -77.0
17.04 -73.0
17.04 -74.0
17.04 -68.0
17.04 -67.0
17.04 -68.66666666666667
23.55 -95.0
23.55 -94.0
8.91 -59.0
8.91 -61.0
8.91 -60.0
8.91 -61.0
8.91 -61.0
8.91 -60.0
8.91 -59.0
8.91 -59.0
8.91 -61.0
8.91 -59.0
8.91 -59.0
8.91 -59.0
8.91 -61.0
8.91 -59.0
8.91 -61.0
8.91 -62.0
8.91 -60.0
8.91 -60.0
8.91 -71.0
8.91 -61.0
8.91 -61.0
8.91 -61.0
8.91 -57.0
8.91 -59.0
15.83 -91.0
15.83 -91.0
15.83 -90.0
15.83 -90.0
15.83 -90.0
15.83 -90.0
15.83 -91.0
15.83 -91.0
15.83 -90.0
15.83 -90.0
15.83 -89.0
15.83 -91.0
15.83 -90.0
15.83 -91.0
15.83 -91.0
15.83 -89.0
15.83 -91.0
15.83 -90.0
15.83 -91.0
15.83 -90.0
17.42 -84.0
17.42 -85.0
17.42 -85.0
17.42 -87.0
17.42 -85.0
17.42 -88.0
17.42 -86.0
17.42 -86.0
17.42 -91.0
17.42 -85.0
17.42 -85.0
17.42 -85.0
17.42 -86.0
17.42 -85.0
17.42 -86.0
17.42 -85.0
17.42 -85.0
17.42 -85.0
17.42 -86.0
17.42 -86.0
23.23 -87.0
23.23 -83.0
23.23 -82.0
23.23 -80.0
23.23 -83.0
23.23 -81.0
23.23 -82.0
23.23 -83.0
23.23 -79.0
23.23 -82.0
23.23 -81.0
23.23 -80.0
23.23 -83.0
23.23 -81.0
23.23 -83.0
23.23 -81.0
23.23 -80.0
23.23 -81.0
23.23 -79.0
23.23 -86.0
23.23 -78.0
23.23 -88.0
23.23 -79.0
8.56 -66.0
8.56 -64.0
8.56 -66.0
8.56 -67.0
8.56 -60.0
8.56 -81.0
8.56 -63.0
8.56 -68.0
8.56 -68.0
8.56 -68.0
8.56 -64.0
8.56 -61.0
8.56 -66.0
8.56 -63.0
8.56 -64.0
8.56 -66.0
8.56 -65.0
8.56 -63.0
8.56 -63.0
8.56 -57.0
8.56 -63.0
8.56 -69.0
13.28 -87.0
13.28 -86.0
13.28 -84.0
13.28 -86.0
13.28 -86.0
13.28 -86.0
13.28 -88.0
13.28 -85.0
13.28 -87.0
13.28 -86.0
13.28 -85.0
13.28 -86.0
13.28 -87.0
13.28 -87.0
13.28 -84.0
13.28 -84.0
13.28 -83.0
13.28 -86.0
13.28 -86.0
13.28 -85.0
13.28 -86.0
13.28 -86.0
13.28 -87.0
13.28 -89.0
15.72 -79.0
15.72 -77.0
15.72 -77.0
15.72 -78.0
15.72 -85.0
15.72 -79.0
15.72 -78.0
15.72 -86.0
15.72 -79.0
15.72 -80.0
15.72 -84.0
15.72 -81.0
15.72 -81.0
15.72 -80.0
15.72 -80.0
15.72 -79.0
15.72 -80.0
15.72 -83.0
15.72 -80.0
15.72 -80.0
15.72 -81.0
15.72 -84.0
21.54 -79.0
21.54 -70.0
21.54 -72.0
21.54 -73.0
21.54 -73.0
21.54 -70.0
21.54 -73.0
21.54 -80.0
21.54 -69.0
21.54 -72.0
21.54 -71.0
21.54 -75.5
21.54 -72.0
21.54 -74.0
21.54 -73.0
21.54 -74.0
21.54 -77.0
21.54 -78.0
21.54 -71.0
21.54 -74.0
21.54 -80.0
21.54 -72.0
21.54 -71.0
20.44 -94.0
19.96 -94.0
19.96 -94.0
29.07 -79.0
29.07 -69.0
29.07 -74.0
29.07 -71.0
29.07 -77.0
29.07 -74.0
29.07 -73.0
29.07 -73.0
29.07 -71.0
29.07 -80.0
29.07 -74.0
29.07 -72.0
29.07 -71.0
29.07 -73.0
29.07 -82.0
29.07 -77.0
29.07 -71.0
29.07 -80.0
29.07 -81.0
29.07 -71.0
29.07 -74.0
9.24 -68.0
9.24 -69.0
9.24 -70.0
9.24 -71.0
9.24 -76.5
9.24 -70.0
9.24 -67.0
9.24 -64.0
9.24 -67.0
9.24 -68.0
9.24 -63.0
9.24 -70.0
9.24 -69.0
9.24 -70.0
9.24 -69.0
9.24 -70.0
9.24 -68.0
9.24 -75.0
9.24 -66.0
9.24 -72.0
9.24 -70.0
9.24 -65.0
9.24 -65.0
15.34 -91.0
15.34 -92.0
15.34 -92.0
15.34 -92.0
15.34 -92.0
15.34 -91.0
15.34 -92.0
15.34 -91.0
15.34 -92.0
15.34 -91.0
15.34 -91.0
15.34 -93.0
15.34 -91.0
15.34 -92.0
9.54 -70.0
9.54 -70.0
9.54 -69.0
9.54 -70.0
9.54 -65.0
9.54 -66.0
9.54 -72.0
9.54 -70.0
9.54 -68.0
9.54 -72.0
9.54 -71.0
9.54 -70.0
9.54 -69.0
9.54 -68.0
9.54 -70.0
9.54 -68.0
9.54 -70.5
9.54 -71.0
9.54 -67.0
9.54 -72.0
9.54 -71.0
9.54 -72.0
9.54 -70.0
9.54 -71.0
9.54 -71.0
7.17 -67.0
7.17 -65.0
7.17 -67.0
7.17 -69.0
7.17 -76.0
7.17 -66.0
7.17 -66.0
7.17 -66.0
7.17 -63.0
7.17 -66.0
7.17 -67.0
7.17 -68.0
7.17 -64.0
7.17 -64.0
7.17 -64.0
7.17 -67.0
7.17 -66.0
7.17 -71.0
7.17 -72.0
7.17 -62.0
7.17 -64.0
7.17 -66.0
7.17 -67.0
17.1 -77.0
17.1 -72.0
17.1 -68.0
17.1 -72.0
17.1 -74.0
17.1 -74.0
17.1 -73.0
17.1 -76.0
17.1 -73.0
17.1 -74.0
17.1 -73.0
17.1 -73.0
17.1 -73.0
17.1 -73.0
17.1 -72.0
17.1 -73.0
17.1 -73.0
17.1 -73.0
17.1 -73.0
17.1 -72.0
17.1 -72.0
17.1 -73.0
17.1 -72.0
17.1 -72.0
15.11 -79.0
15.11 -84.0
15.11 -74.0
15.11 -78.0
15.11 -83.0
15.11 -76.0
15.11 -79.0
15.11 -77.0
15.11 -80.0
15.11 -80.0
15.11 -80.0
15.11 -86.0
15.11 -76.0
15.11 -76.0
15.11 -84.0
15.11 -78.0
15.11 -80.0
15.11 -84.0
15.11 -75.0
15.11 -73.0
15.11 -83.0
15.11 -79.0
15.11 -81.0
15.11 -80.0
24.13 -92.0
24.13 -93.0
7.96 -66.0
7.96 -67.0
7.96 -63.0
7.96 -67.0
7.96 -66.0
7.96 -72.0
7.96 -69.0
7.96 -60.0
7.96 -69.0
7.96 -63.0
7.96 -64.0
7.96 -66.0
7.96 -66.0
7.96 -64.0
7.96 -65.0
7.96 -64.0
7.96 -64.0
7.96 -63.0
7.96 -66.0
7.96 -82.0
7.96 -77.0
7.96 -64.0
14.33 -88.0
14.33 -87.0
14.33 -88.0
14.33 -92.0
14.33 -89.0
14.33 -88.0
14.33 -92.0
14.33 -91.0
14.33 -87.0
14.33 -88.0
14.33 -90.0
14.33 -88.0
14.33 -88.0
14.33 -87.0
14.33 -86.0
14.33 -89.0
14.33 -91.0
14.33 -88.0
14.33 -91.0
13.4 -88.0
13.4 -86.0
13.4 -87.0
13.4 -87.0
13.4 -89.0
13.4 -87.0
13.4 -86.0
13.4 -89.0
13.4 -87.0
13.4 -92.0
13.4 -88.0
13.4 -87.0
13.4 -87.0
13.4 -87.0
13.4 -92.0
13.4 -95.0
13.4 -87.0
21.83 -83.0
21.83 -82.0
21.83 -87.0
21.83 -80.0
21.83 -86.0
21.83 -81.0
21.83 -84.0
21.83 -81.0
21.83 -81.0
21.83 -81.0
21.83 -86.0
21.83 -80.0
21.83 -84.0
21.83 -84.0
21.83 -83.0
21.83 -83.0
21.83 -86.0
21.83 -82.0
21.83 -81.0
21.83 -82.0
21.83 -82.0
21.83 -83.0
21.83 -84.0
9.19 -63.0
9.19 -61.0
9.19 -61.0
9.19 -61.0
9.19 -60.0
9.19 -67.0
9.19 -60.0
9.19 -66.0
9.19 -62.0
9.19 -64.0
9.19 -65.0
9.19 -63.0
9.19 -62.0
9.19 -62.0
9.19 -65.0
9.19 -62.0
9.19 -63.0
9.19 -62.5
9.19 -64.0
9.19 -63.0
9.19 -63.0
9.19 -60.0
9.19 -60.0
9.19 -63.0
21.59 -75.0
21.59 -80.0
21.59 -73.0
21.59 -70.0
21.59 -71.0
21.59 -80.0
21.59 -73.0
21.59 -76.0
21.59 -72.0
21.59 -72.0
21.59 -79.0
21.59 -72.0
21.59 -72.0
21.59 -73.0
21.59 -74.0
21.59 -73.0
21.59 -83.0
21.59 -74.0
21.59 -74.0
21.59 -76.0
21.59 -74.0
21.59 -80.0
21.59 -74.0
32.04 -76.0
32.04 -75.0
32.04 -70.0
32.04 -71.0
32.04 -71.0
32.04 -80.0
32.04 -71.0
32.04 -81.0
32.04 -76.0
32.04 -80.0
32.04 -71.0
32.04 -73.0
32.04 -71.0
32.04 -73.0
32.04 -74.0
32.04 -77.0
32.04 -73.0
32.04 -72.0
32.04 -73.0
32.04 -72.0
32.04 -77.0
32.04 -75.0
32.04 -74.0
15.99 -89.0
15.99 -90.0
15.99 -91.0
15.99 -87.0
15.99 -93.0
15.99 -91.0
15.99 -92.0
15.99 -89.0
15.99 -91.0
15.99 -92.0
15.99 -92.0
15.99 -95.0
15.99 -91.0
15.99 -93.0
15.99 -91.0
15.99 -89.0
17.31 -93.0
17.31 -91.0
17.31 -91.0
17.31 -92.0
17.31 -92.0
17.31 -93.0
17.31 -92.0
17.31 -92.0
17.31 -92.0
17.31 -93.0
17.31 -92.0
17.31 -91.0
17.31 -92.0
17.31 -93.0
17.31 -92.0
22.76 -81.0
22.76 -83.0
22.76 -83.0
22.76 -81.0
22.76 -81.0
22.76 -83.0
22.76 -81.0
22.76 -83.0
22.76 -83.0
22.76 -83.0
22.76 -81.0
22.76 -81.0
22.76 -81.0
22.76 -80.0
22.76 -81.0
22.76 -83.0
22.76 -82.0
22.76 -82.0
22.76 -83.0
22.76 -83.0
22.76 -82.0
9.65 -67.0
9.65 -65.0
9.65 -72.0
9.65 -63.0
9.65 -64.0
9.65 -70.0
9.65 -66.0
9.65 -63.0
9.65 -64.0
9.65 -67.0
9.65 -67.0
9.65 -67.0
9.65 -65.0
9.65 -67.0
9.65 -65.0
9.65 -65.0
9.65 -65.0
9.65 -66.0
9.65 -64.0
9.65 -64.0
9.65 -65.0
9.65 -68.0
9.65 -65.0
9.65 -64.0
7.91 -61.0
7.91 -67.0
7.91 -78.0
7.91 -66.0
7.91 -61.0
7.91 -63.0
7.91 -66.0
7.91 -68.0
7.91 -69.0
7.91 -64.0
7.91 -70.0
7.91 -70.0
7.91 -65.0
7.91 -58.0
7.91 -64.0
7.91 -68.0
7.91 -70.0
7.91 -71.0
7.91 -62.0
7.91 -68.0
7.91 -76.0
7.91 -68.0
7.91 -71.0
20.04 -71.0
20.04 -70.0
20.04 -78.0
20.04 -70.5
20.04 -70.0
20.04 -71.0
20.04 -71.0
20.04 -71.0
20.04 -73.66666666666667
20.04 -69.0
20.04 -70.0
20.04 -69.0
20.04 -79.0
20.04 -70.0
20.04 -70.0
20.04 -72.0
20.04 -70.0
20.04 -72.0
20.04 -71.0
20.04 -78.0
20.04 -71.0
20.04 -71.0
20.04 -70.0
20.04 -71.0
20.04 -72.0
13.87 -70.0
13.87 -73.0
13.87 -74.0
13.87 -73.0
13.87 -75.0
13.87 -72.0
13.87 -71.0
13.87 -73.0
13.87 -72.0
13.87 -72.0
13.87 -73.0
13.87 -73.0
13.87 -72.0
13.87 -73.0
13.87 -72.0
13.87 -76.0
13.87 -72.0
13.87 -72.0
13.87 -71.5
13.87 -70.0
13.87 -70.0
13.87 -71.0
13.87 -72.0
13.87 -74.0
20.75 -92.0
18.02 -83.0
18.02 -85.0
18.02 -84.0
18.02 -82.0
18.02 -81.0
18.02 -85.0
18.02 -80.0
18.02 -91.0
18.02 -83.0
18.02 -81.0
18.02 -89.0
18.02 -82.5
18.02 -81.0
18.02 -82.0
18.02 -82.0
18.02 -82.0
18.02 -84.0
18.02 -86.0
18.02 -85.0
18.02 -83.0
18.02 -81.0
18.02 -82.0
14.37 -77.0
14.37 -80.0
14.37 -78.5
14.37 -81.0
14.37 -79.0
14.37 -76.0
14.37 -77.0
14.37 -76.0
14.37 -79.0
14.37 -81.0
14.37 -79.5
14.37 -78.0
14.37 -74.0
14.37 -80.0
14.37 -76.0
14.37 -80.0
14.37 -78.0
14.37 -74.0
14.37 -78.0
24.54 -74.0
24.54 -75.0
24.54 -75.0
24.54 -76.0
24.54 -75.0
24.54 -75.5
24.54 -75.0
24.54 -73.0
24.54 -75.0
24.54 -75.0
24.54 -77.0
24.54 -76.0
24.54 -75.0
24.54 -77.0
24.54 -77.0
24.54 -74.0
24.54 -74.0
24.54 -77.0
24.54 -75.0
24.54 -75.0
24.54 -77.0
24.54 -77.0
18.65 -93.0
32.07 -75.0
32.07 -76.0
32.07 -78.0
32.07 -78.0
32.07 -75.0
32.07 -78.0
32.07 -78.0
32.07 -77.0
32.07 -80.0
32.07 -79.0
32.07 -81.0
32.07 -75.0
32.07 -77.0
32.07 -81.0
32.07 -78.0
32.07 -84.0
32.07 -82.0
32.07 -76.0
32.07 -76.0
32.07 -78.0
32.07 -80.0
8.6 -62.0
8.6 -67.0
8.6 -65.0
8.6 -63.0
8.6 -62.0
8.6 -62.0
8.6 -62.0
8.6 -62.0
8.6 -74.0
8.6 -61.0
8.6 -60.0
8.6 -60.0
8.6 -66.0
8.6 -64.0
8.6 -62.0
8.6 -61.0
8.6 -61.0
8.6 -62.0
8.6 -67.0
8.6 -65.0
8.6 -61.0
8.6 -62.0
8.6 -63.0
8.6 -61.0
8.6 -64.0
14.51 -94.0
14.51 -95.0
14.51 -93.0
14.51 -93.0
14.51 -94.0
14.51 -93.0
14.51 -92.0
14.51 -93.0
14.51 -92.0
14.51 -92.0
14.51 -94.0
14.51 -95.0
14.51 -93.0
14.51 -94.0
14.51 -93.0
14.51 -93.0
14.51 -93.0
14.51 -93.0
14.51 -91.0
13.91 -88.0
13.91 -90.0
13.91 -92.0
13.91 -93.0
13.91 -93.0
13.91 -93.0
13.91 -93.0
13.91 -92.0
13.91 -93.0
13.91 -92.0
13.91 -93.0
13.91 -93.0
13.91 -93.0
13.91 -93.0
13.91 -93.0
13.91 -92.0
13.91 -92.0
13.91 -91.0
21.32 -81.0
21.32 -81.0
21.32 -82.0
21.32 -83.0
21.32 -81.0
21.32 -82.0
21.32 -84.0
21.32 -83.0
21.32 -85.0
21.32 -81.0
21.32 -81.0
21.32 -81.0
21.32 -83.0
21.32 -82.0
21.32 -82.0
21.32 -80.0
21.32 -83.0
21.32 -80.0
21.32 -84.0
21.32 -81.0
21.32 -83.0
12.54 -66.0
12.54 -70.0
12.54 -67.0
12.54 -69.0
12.54 -70.0
12.54 -68.0
12.54 -71.0
12.54 -69.0
12.54 -66.0
12.54 -68.0
12.54 -68.0
12.54 -68.0
12.54 -63.0
12.54 -70.0
12.54 -69.0
12.54 -68.0
12.54 -69.0
12.54 -65.0
12.54 -67.0
12.54 -72.0
12.54 -65.0
12.54 -70.0
12.54 -68.0
20.09 -74.0
20.09 -71.0
20.09 -77.0
20.09 -81.0
20.09 -74.0
20.09 -78.0
20.09 -72.0
20.09 -74.0
20.09 -76.0
20.09 -77.0
20.09 -74.0
20.09 -74.0
20.09 -74.0
20.09 -78.0
20.09 -73.0
20.09 -75.0
20.09 -78.0
20.09 -71.0
20.09 -73.0
20.09 -75.0
20.09 -76.0
7.21 -61.0
7.21 -63.0
7.21 -63.0
7.21 -64.0
7.21 -66.0
7.21 -61.0
7.21 -66.0
7.21 -60.0
7.21 -60.0
7.21 -62.0
7.21 -60.0
7.21 -62.0
7.21 -68.0
7.21 -59.0
7.21 -59.0
7.21 -64.0
7.21 -60.0
7.21 -61.0
7.21 -63.0
7.21 -64.0
7.21 -67.0
7.21 -63.0
7.21 -61.0
7.21 -61.0
7.21 -59.0
12.83 -88.0
12.83 -90.0
12.83 -90.0
12.83 -91.0
12.83 -90.0
12.83 -92.5
12.83 -94.0
12.83 -88.0
12.83 -88.0
12.83 -92.0
12.83 -89.0
12.83 -91.0
12.83 -90.0
12.83 -87.0
12.83 -92.0
12.83 -92.0
12.83 -86.0
12.83 -87.0
12.83 -92.0
12.83 -93.0
20.44 -83.0
20.44 -82.0
20.44 -83.0
20.44 -82.0
20.44 -89.0
20.44 -81.0
20.44 -81.0
20.44 -82.0
20.44 -82.0
20.44 -81.0
20.44 -83.0
20.44 -84.0
20.44 -82.0
20.44 -80.0
20.44 -84.0
20.44 -81.0
20.44 -83.0
20.44 -80.0
20.44 -86.0
20.44 -82.0
20.44 -82.0
20.44 -83.0
10.0 -72.0
10.0 -68.0
10.0 -71.0
10.0 -70.0
10.0 -68.0
10.0 -74.0
10.0 -70.0
10.0 -72.0
10.0 -68.0
10.0 -69.0
10.0 -68.0
10.0 -72.0
10.0 -69.0
10.0 -71.0
10.0 -68.0
10.0 -71.0
10.0 -71.5
10.0 -74.0
10.0 -69.0
10.0 -77.0
10.0 -69.0
10.0 -72.0
10.0 -70.0
13.05 -75.0
13.05 -73.0
13.05 -77.0
13.05 -73.0
13.05 -77.0
13.05 -75.0
13.05 -77.0
13.05 -77.0
13.05 -76.0
13.05 -75.0
13.05 -76.0
13.05 -76.0
13.05 -80.0
13.05 -72.0
13.05 -81.0
13.05 -77.0
13.05 -75.0
13.05 -78.0
13.05 -77.0
13.05 -73.0
13.05 -77.0
13.05 -74.0
24.58 -73.0
24.58 -76.0
24.58 -73.0
24.58 -73.0
24.58 -70.0
24.58 -74.0
24.58 -74.0
24.58 -74.0
24.58 -73.0
24.58 -77.0
24.58 -72.0
24.58 -74.0
24.58 -73.0
24.58 -74.0
24.58 -73.0
24.58 -73.0
24.58 -72.0
24.58 -72.5
24.58 -74.0
24.58 -74.0
24.58 -73.0
18.22 -89.0
18.22 -91.0
18.22 -91.0
18.22 -91.0
18.22 -90.0
18.22 -89.0
18.22 -93.0
18.22 -91.0
18.22 -90.0
18.22 -90.0
18.22 -90.0
18.22 -89.0
8.19 -60.0
8.19 -60.0
8.19 -68.0
8.19 -66.0
8.19 -59.0
8.19 -63.0
8.19 -61.0
8.19 -63.0
8.19 -66.0
8.19 -61.0
8.19 -62.0
8.19 -61.0
8.19 -61.0
8.19 -61.0
8.19 -62.0
8.19 -68.0
8.19 -62.0
8.19 -62.0
8.19 -64.0
8.19 -64.0
8.19 -57.0
17.66 -90.0
17.66 -89.0
17.66 -92.0
17.66 -91.0
17.66 -92.0
17.66 -88.0
17.66 -87.0
17.66 -89.0
17.66 -89.0
17.66 -89.0
17.66 -90.0
17.66 -90.0
17.66 -89.0
17.66 -88.0
17.66 -92.0
17.66 -91.0
17.66 -88.0
17.66 -90.0
17.66 -90.0
17.66 -90.5
17.66 -92.0
12.62 -71.0
12.62 -72.0
12.62 -70.0
12.62 -71.0
12.62 -70.0
12.62 -73.0
12.62 -70.0
12.62 -72.0
12.62 -69.0
12.62 -72.0
12.62 -70.0
12.62 -63.0
12.62 -73.0
12.62 -72.0
12.62 -69.0
12.62 -69.0
12.62 -73.0
12.62 -72.0
12.62 -67.0
12.62 -69.0
12.62 -62.0
12.62 -72.0
8.84 -74.0
8.84 -62.0
8.84 -66.0
8.84 -62.0
8.84 -73.0
8.84 -69.0
8.84 -70.0
8.84 -69.0
8.84 -62.0
8.84 -62.0
8.84 -72.0
8.84 -65.0
8.84 -70.0
8.84 -70.0
8.84 -68.0
8.84 -74.0
8.84 -68.0
8.84 -63.0
8.84 -66.0
8.84 -63.0
8.84 -66.5
8.84 -72.0
8.84 -60.0
23.04 -72.0
23.04 -77.0
23.04 -72.0
23.04 -73.0
23.04 -79.0
23.04 -74.0
23.04 -73.0
23.04 -76.0
23.04 -77.0
23.04 -77.0
23.04 -75.0
23.04 -75.0
23.04 -73.0
23.04 -77.0
23.04 -74.0
23.04 -75.0
23.04 -77.0
23.04 -75.0
23.04 -73.0
12.67 -76.0
12.67 -71.0
12.67 -74.0
12.67 -78.0
12.67 -74.0
12.67 -74.0
12.67 -75.0
12.67 -75.0
12.67 -76.0
12.67 -71.0
12.67 -70.0
12.67 -75.0
12.67 -74.0
12.67 -75.0
12.67 -72.0
12.67 -73.0
12.67 -78.0
12.67 -75.0
12.67 -75.0
12.67 -73.0
12.67 -71.0
12.67 -75.0
