38.4 -89.0
38.4 -92.0
38.4 -90.0
38.4 -91.0
38.4 -91.0
38.4 -91.0
38.4 -92.0
16.7 -58.0
16.7 -60.0
16.7 -62.0
16.7 -59.0
16.7 -61.0
16.7 -60.0
16.7 -59.0
16.7 -63.0
16.7 -66.0
16.7 -60.0
16.7 -61.0
16.7 -60.0
16.7 -72.0
16.7 -59.0
16.7 -62.0
16.7 -59.0
16.7 -60.0
16.7 -60.0
16.7 -59.0
16.7 -59.0
16.7 -61.0
16.7 -60.0
12.43 -64.0
12.43 -65.0
12.43 -62.0
12.43 -59.0
12.43 -67.0
12.43 -63.0
12.43 -69.0
12.43 -61.0
12.43 -56.0
12.43 -61.0
12.43 -62.0
12.43 -66.0
12.43 -60.0
12.43 -68.0
12.43 -64.0
12.43 -58.0
12.43 -57.0
12.43 -63.0
12.43 -63.0
12.43 -61.0
12.43 -60.0
12.43 -59.0
12.43 -58.0
28.86 -77.0
28.86 -76.0
28.86 -78.0
28.86 -79.0
28.86 -77.0
28.86 -87.0
28.86 -81.0
28.86 -79.0
28.86 -81.0
28.86 -75.0
28.86 -81.0
28.86 -80.0
28.86 -77.0
28.86 -80.0
28.86 -78.0
28.86 -82.0
28.86 -79.0
28.86 -79.0
28.86 -78.0
28.86 -79.0
28.86 -79.0
11.35 -53.0
11.35 -61.0
11.35 -54.0
11.35 -58.0
11.35 -59.0
11.35 -60.0
11.35 -60.0
11.35 -61.0
11.35 -60.0
11.35 -62.0
11.35 -59.0
11.35 -62.0
11.35 -55.0
11.35 -61.0
11.35 -56.0
11.35 -61.0
11.35 -58.0
11.35 -56.0
11.35 -60.0
11.35 -57.0
11.35 -60.0
11.35 -61.0
11.35 -58.0
11.35 -56.0
11.35 -60.0
12.5 -66.0
12.5 -63.0
12.5 -64.0
12.5 -68.0
12.5 -63.0
12.5 -67.0
12.5 -63.0
12.5 -65.0
12.5 -63.0
12.5 -64.0
12.5 -64.0
12.5 -63.0
12.5 -64.0
12.5 -65.0
12.5 -64.0
12.5 -65.0
12.5 -69.0
12.5 -64.0
12.5 -67.0
12.5 -64.0
12.5 -67.0
35.29 -91.0
35.29 -91.0
35.29 -85.0
35.29 -92.0
35.29 -90.0
35.29 -87.0
35.29 -84.0
35.29 -84.0
35.29 -85.0
35.29 -85.0
35.29 -87.0
35.29 -86.0
35.29 -85.0
35.29 -91.0
35.29 -90.0
35.29 -91.0
35.29 -87.0
30.97 -91.0
30.97 -91.0
30.97 -89.0
30.97 -92.0
30.97 -92.0
30.97 -92.0
30.97 -87.0
30.97 -88.0
30.97 -89.0
30.97 -90.0
30.97 -88.0
30.97 -90.0
30.97 -92.0
30.97 -91.0
30.97 -94.0
30.97 -89.0
30.83 -76.0
30.83 -74.0
30.83 -75.0
30.83 -74.0
30.83 -75.0
30.83 -73.0
30.83 -79.0
30.83 -73.0
30.83 -78.0
30.83 -77.0
30.83 -75.0
30.83 -75.0
30.83 -75.0
30.83 -73.0
30.83 -73.0
30.83 -74.0
30.83 -78.0
30.83 -76.0
30.83 -74.0
30.83 -75.0
10.05 -57.0
10.05 -57.0
10.05 -56.0
10.05 -55.0
10.05 -59.0
10.05 -56.0
10.05 -55.0
10.05 -56.0
10.05 -58.0
10.05 -57.0
10.05 -56.0
10.05 -56.0
10.05 -62.0
10.05 -56.0
10.05 -54.0
10.05 -57.0
10.05 -56.0
10.05 -55.0
10.05 -57.0
10.05 -58.0
10.05 -57.0
10.05 -57.0
10.05 -57.0
12.84 -66.0
12.84 -63.0
12.84 -64.0
12.84 -59.0
12.84 -59.0
12.84 -61.0
12.84 -66.0
12.84 -57.0
12.84 -66.0
12.84 -68.0
12.84 -61.0
12.84 -59.0
12.84 -66.0
12.84 -57.0
12.84 -56.0
12.84 -67.0
12.84 -60.0
12.84 -64.0
12.84 -66.0
12.84 -61.0
12.84 -63.0
12.84 -63.0
12.84 -57.0
12.84 -65.0
44.12 -91.0
44.12 -90.0
44.12 -91.0
44.12 -91.0
44.12 -91.0
44.12 -91.0
44.12 -92.0
8.72 -68.0
8.72 -69.0
8.72 -60.0
8.72 -61.0
8.72 -71.0
8.72 -68.0
8.72 -62.0
8.72 -70.0
8.72 -61.0
8.72 -62.0
8.72 -60.0
8.72 -62.0
8.72 -73.0
8.72 -62.0
8.72 -67.0
8.72 -61.0
8.72 -61.0
8.72 -73.0
8.72 -61.0
8.72 -71.0
8.72 -69.0
8.72 -62.0
8.72 -62.0
40.3 -93.0
40.3 -92.66666666666667
40.3 -93.0
40.3 -92.0
11.35 -56.0
11.35 -57.0
11.35 -57.0
11.35 -55.0
11.35 -84.0
11.35 -61.0
11.35 -65.0
11.35 -59.0
11.35 -63.0
11.35 -61.0
11.35 -65.0
11.35 -55.0
11.35 -66.0
11.35 -54.0
11.35 -53.0
11.35 -66.0
11.35 -56.0
11.35 -62.0
11.35 -65.0
11.35 -63.0
11.35 -56.0
11.35 -63.0
11.35 -70.0
28.0 -84.0
28.0 -86.0
28.0 -80.0
28.0 -81.0
28.0 -82.0
28.0 -82.0
28.0 -84.0
28.0 -83.0
28.0 -81.0
28.0 -81.0
28.0 -87.0
28.0 -80.0
28.0 -86.0
28.0 -84.0
28.0 -84.0
28.0 -82.0
28.0 -82.0
28.0 -84.0
28.0 -82.0
28.0 -82.0
28.0 -83.0
22.93 -76.0
22.93 -65.0
22.93 -63.0
22.93 -71.0
22.93 -66.0
22.93 -64.0
22.93 -62.0
22.93 -75.0
22.93 -64.0
22.93 -76.0
22.93 -64.0
22.93 -63.0
22.93 -77.0
22.93 -81.0
22.93 -79.0
22.93 -75.0
22.93 -76.0
22.93 -77.0
22.93 -77.0
22.93 -76.0
22.93 -64.0
22.93 -62.0
22.93 -62.0
11.42 -62.0
11.42 -68.0
11.42 -61.0
11.42 -61.0
11.42 -61.0
11.42 -63.0
11.42 -66.0
11.42 -61.0
11.42 -65.0
11.42 -67.0
11.42 -61.0
11.42 -61.0
11.42 -64.0
11.42 -66.0
11.42 -65.0
11.42 -61.0
11.42 -60.0
11.42 -62.0
11.42 -61.0
11.42 -69.0
11.42 -61.0
11.42 -68.0
36.62 -89.0
36.62 -93.0
36.62 -90.0
36.62 -92.0
36.62 -90.0
36.62 -89.0
36.62 -89.0
36.62 -89.0
36.62 -89.0
36.62 -90.0
36.62 -90.0
36.62 -87.0
36.62 -93.0
36.62 -94.0
36.62 -93.0
36.62 -90.0
36.62 -89.0
14.59 -67.0
14.59 -68.0
14.59 -70.0
14.59 -69.0
14.59 -71.0
14.59 -64.0
14.59 -67.0
14.59 -59.0
14.59 -70.0
14.59 -68.0
14.59 -62.0
14.59 -68.0
14.59 -60.0
14.59 -61.0
14.59 -70.0
14.59 -62.0
14.59 -70.0
14.59 -64.0
14.59 -64.0
14.59 -59.0
14.59 -59.0
14.59 -71.0
14.59 -71.0
14.59 -65.0
29.47 -80.0
29.47 -79.0
29.47 -77.0
29.47 -81.0
29.47 -80.0
29.47 -79.0
29.47 -80.0
29.47 -79.0
29.47 -78.0
29.47 -80.0
29.47 -80.0
29.47 -82.0
29.47 -83.0
29.47 -82.0
29.47 -81.0
29.47 -80.0
29.47 -80.0
29.47 -81.0
29.47 -80.0
29.47 -80.0
29.47 -82.0
29.47 -80.0
29.47 -79.0
8.68 -88.0
8.68 -57.0
8.68 -59.0
8.68 -57.0
8.68 -59.0
8.68 -60.0
8.68 -60.0
8.68 -60.0
8.68 -59.0
8.68 -58.0
8.68 -59.0
8.68 -59.0
8.68 -59.0
8.68 -60.0
8.68 -58.0
8.68 -57.0
8.68 -59.0
8.68 -61.0
8.68 -58.0
8.68 -57.0
8.68 -59.0
8.68 -58.0
46.75 -90.0
46.75 -93.0
46.75 -91.0
46.75 -93.0
46.75 -92.0
46.75 -89.0
46.75 -91.0
11.56 -66.0
11.56 -67.0
11.56 -63.0
11.56 -65.0
11.56 -66.0
11.56 -65.0
11.56 -67.0
11.56 -66.0
11.56 -65.0
11.56 -64.0
11.56 -65.0
11.56 -66.0
11.56 -65.0
11.56 -68.0
11.56 -67.0
11.56 -63.0
11.56 -66.0
11.56 -68.0
11.56 -65.0
11.56 -64.0
20.23 -71.0
20.23 -63.0
20.23 -71.0
20.23 -69.0
20.23 -69.0
20.23 -63.0
20.23 -64.0
20.23 -65.0
20.23 -63.0
20.23 -68.0
20.23 -62.0
20.23 -67.0
20.23 -66.0
20.23 -62.0
20.23 -60.0
20.23 -63.0
20.23 -63.0
20.23 -69.0
20.23 -72.0
20.23 -65.0
20.23 -63.0
20.23 -67.0
20.23 -63.0
36.3 -88.0
36.3 -85.0
36.3 -89.0
36.3 -87.0
36.3 -89.0
36.3 -87.0
36.3 -90.0
36.3 -93.0
36.3 -86.0
36.3 -86.0
36.3 -87.0
36.3 -88.0
36.3 -88.0
36.3 -88.0
36.3 -89.0
36.3 -88.0
36.3 -86.0
36.3 -89.0
36.3 -89.0
36.3 -86.0
36.3 -88.0
15.77 -73.0
15.77 -70.0
15.77 -59.0
15.77 -76.0
15.77 -59.0
15.77 -73.0
15.77 -60.0
15.77 -68.0
15.77 -74.0
15.77 -60.0
15.77 -63.0
15.77 -74.0
15.77 -75.0
15.77 -73.0
15.77 -59.0
15.77 -58.0
15.77 -75.0
15.77 -60.0
15.77 -73.0
15.77 -60.0
15.77 -60.0
10.7 -66.0
10.7 -58.0
10.7 -55.0
10.7 -55.0
10.7 -53.0
10.7 -61.0
10.7 -60.0
10.7 -63.0
10.7 -58.0
10.7 -66.0
10.7 -56.0
10.7 -63.0
10.7 -55.0
10.7 -60.0
10.7 -55.0
10.7 -55.0
10.7 -54.0
10.7 -53.0
10.7 -57.0
10.7 -53.0
10.7 -53.0
10.7 -54.0
27.48 -75.0
27.48 -75.0
27.48 -76.0
27.48 -74.0
27.48 -78.0
27.48 -74.0
27.48 -76.0
27.48 -74.0
27.48 -77.0
27.48 -74.0
27.48 -75.0
27.48 -79.0
27.48 -76.0
27.48 -82.0
27.48 -76.0
27.48 -75.0
27.48 -75.0
27.48 -76.0
27.48 -81.0
27.48 -77.0
27.48 -75.0
27.48 -75.0
45.33 -91.0
45.33 -90.0
45.33 -92.0
45.33 -90.0
45.33 -92.0
45.33 -91.0
45.33 -91.0
45.33 -89.0
45.33 -90.0
45.33 -90.0
45.33 -92.0
11.21 -62.0
11.21 -61.0
11.21 -65.0
11.21 -53.0
11.21 -56.0
11.21 -54.0
11.21 -66.0
11.21 -66.0
11.21 -67.0
11.21 -67.0
11.21 -54.0
11.21 -55.0
11.21 -62.0
11.21 -68.0
11.21 -64.0
11.21 -61.0
11.21 -61.0
11.21 -66.0
11.21 -66.0
11.21 -57.0
11.21 -65.0
11.21 -67.0
11.21 -67.0
21.1 -68.0
21.1 -66.0
21.1 -67.0
21.1 -66.0
21.1 -67.0
21.1 -73.0
21.1 -67.0
21.1 -66.0
21.1 -67.0
21.1 -68.0
21.1 -65.0
21.1 -66.0
21.1 -67.0
21.1 -66.0
21.1 -73.0
21.1 -66.0
21.1 -66.0
21.1 -68.0
21.1 -70.0
21.1 -66.0
21.1 -70.0
21.1 -85.0
14.66 -69.0
14.66 -66.0
14.66 -69.0
14.66 -67.0
14.66 -68.0
14.66 -66.0
14.66 -67.0
14.66 -68.0
14.66 -69.0
14.66 -65.0
14.66 -64.0
14.66 -66.0
14.66 -68.0
14.66 -66.0
14.66 -66.0
14.66 -69.0
14.66 -66.0
14.66 -69.0
14.66 -65.0
14.66 -69.0
14.66 -69.0
14.66 -68.0
34.18 -92.0
34.18 -91.0
34.18 -87.0
34.18 -88.0
34.18 -91.0
34.18 -90.0
34.18 -87.0
34.18 -91.0
34.18 -90.0
34.18 -91.0
34.18 -90.0
34.18 -92.0
34.18 -92.0
34.18 -86.0
34.18 -92.0
34.18 -85.0
34.18 -90.0
34.18 -87.0
34.18 -91.0
34.18 -90.0
34.18 -90.0
33.4 -87.0
33.4 -92.0
33.4 -88.0
33.4 -86.0
33.4 -88.0
33.4 -88.0
33.4 -88.0
33.4 -88.0
33.4 -88.0
33.4 -89.0
33.4 -88.0
33.4 -90.0
33.4 -90.0
33.4 -89.0
33.4 -87.0
33.4 -87.0
33.4 -91.0
33.4 -86.0
33.4 -87.0
33.4 -88.0
33.4 -87.0
33.4 -88.0
13.68 -65.0
13.68 -67.0
13.68 -57.0
13.68 -58.0
13.68 -56.0
13.68 -59.0
13.68 -57.0
13.68 -59.0
13.68 -58.0
13.68 -58.0
13.68 -68.0
13.68 -59.0
13.68 -59.0
13.68 -57.0
13.68 -60.0
13.68 -69.0
13.68 -59.0
13.68 -58.0
13.68 -56.0
13.68 -59.0
13.68 -68.0
13.68 -63.0
28.95 -84.0
28.95 -87.0
28.95 -88.0
28.95 -90.0
28.95 -86.0
28.95 -86.0
28.95 -83.0
28.95 -81.0
28.95 -85.0
28.95 -88.0
28.95 -87.0
28.95 -88.0
28.95 -88.0
28.95 -84.0
28.95 -85.0
28.95 -88.0
28.95 -90.0
28.95 -87.0
28.95 -88.0
9.37 -57.0
9.37 -57.0
9.37 -58.0
9.37 -63.0
9.37 -57.0
9.37 -59.0
9.37 -56.0
9.37 -59.0
9.37 -56.0
9.37 -55.0
9.37 -56.0
9.37 -59.0
9.37 -59.0
9.37 -55.0
9.37 -59.0
9.37 -58.0
9.37 -58.0
9.37 -57.0
9.37 -56.0
9.37 -57.0
12.71 -57.0
12.71 -64.0
12.71 -54.0
12.71 -58.0
12.71 -56.0
12.71 -57.0
12.71 -55.0
12.71 -63.0
12.71 -65.0
12.71 -56.0
12.71 -59.0
12.71 -57.0
12.71 -54.0
12.71 -53.0
12.71 -62.0
12.71 -61.0
12.71 -55.0
12.71 -54.0
12.71 -60.0
12.71 -55.0
12.71 -57.0
12.71 -56.0
12.71 -67.0
12.71 -57.0
12.71 -56.0
43.23 -92.0
43.23 -95.0
43.23 -95.0
43.23 -92.5
43.23 -93.0
43.23 -92.0
43.23 -94.5
43.23 -94.0
43.23 -94.0
43.23 -93.0
41.77 -90.0
41.77 -90.0
41.77 -90.0
41.77 -90.0
41.77 -92.0
41.77 -89.0
41.77 -91.0
41.77 -89.0
10.38 -59.0
10.38 -59.0
10.38 -59.0
10.38 -59.0
10.38 -58.0
10.38 -59.0
10.38 -58.0
10.38 -59.0
10.38 -58.0
10.38 -59.0
10.38 -60.0
10.38 -59.0
10.38 -59.0
10.38 -61.0
10.38 -57.0
10.38 -59.0
10.38 -59.0
10.38 -60.0
10.38 -59.0
10.38 -59.0
10.38 -59.0
10.38 -59.0
37.83 -92.0
37.83 -93.0
37.83 -92.0
37.83 -92.0
37.83 -91.0
37.83 -92.0
37.83 -92.0
37.83 -91.0
37.83 -91.0
37.83 -91.0
37.83 -93.0
14.93 -70.0
14.93 -65.0
14.93 -62.0
14.93 -67.0
14.93 -63.0
14.93 -70.0
14.93 -66.0
14.93 -66.0
14.93 -66.0
14.93 -69.0
14.93 -57.0
14.93 -66.0
14.93 -60.0
14.93 -60.0
14.93 -64.0
14.93 -68.0
14.93 -69.0
14.93 -59.0
14.93 -59.0
14.93 -60.0
14.93 -59.0
14.93 -59.0
14.93 -59.0
9.41 -58.0
9.41 -55.0
9.41 -56.0
9.41 -59.0
9.41 -54.0
9.41 -56.0
9.41 -58.0
9.41 -58.0
9.41 -58.0
9.41 -57.0
9.41 -57.0
9.41 -57.0
9.41 -57.0
9.41 -59.0
9.41 -59.0
9.41 -56.0
9.41 -58.0
9.41 -59.0
9.41 -59.0
9.41 -56.0
26.27 -81.0
26.27 -70.0
26.27 -76.0
26.27 -75.0
26.27 -81.0
26.27 -71.0
26.27 -77.0
26.27 -71.0
26.27 -82.0
26.27 -75.0
26.27 -77.0
26.27 -76.0
26.27 -82.0
26.27 -71.0
26.27 -72.0
26.27 -76.0
26.27 -77.0
26.27 -79.0
26.27 -82.0
26.27 -79.0
26.27 -78.0
26.12 -78.0
26.12 -73.0
26.12 -78.0
26.12 -76.0
26.12 -78.0
26.12 -80.0
26.12 -82.0
26.12 -80.0
26.12 -75.0
26.12 -82.0
26.12 -77.0
26.12 -77.0
26.12 -77.0
26.12 -78.0
26.12 -77.0
26.12 -81.0
26.12 -81.0
26.12 -80.0
26.12 -81.0
26.12 -80.0
48.08 -92.5
48.08 -92.0
48.08 -93.0
13.76 -68.0
13.76 -61.0
13.76 -62.0
13.76 -63.0
13.76 -62.0
13.76 -65.0
13.76 -67.0
13.76 -67.0
13.76 -66.0
13.76 -66.0
13.76 -64.0
13.76 -66.0
13.76 -66.0
13.76 -62.0
13.76 -66.0
13.76 -64.0
13.76 -66.0
13.76 -61.0
13.76 -63.0
13.76 -62.0
13.76 -67.0
13.76 -66.0
33.09 -87.0
33.09 -86.0
33.09 -87.0
33.09 -84.0
33.09 -83.0
33.09 -84.0
33.09 -83.0
33.09 -82.0
33.09 -89.0
33.09 -88.0
33.09 -84.0
33.09 -92.0
33.09 -83.0
33.09 -86.0
33.09 -86.0
33.09 -85.0
33.09 -85.0
33.09 -83.0
33.09 -87.0
33.09 -83.0
34.28 -91.0
34.28 -90.0
34.28 -94.0
34.28 -93.0
34.28 -91.0
34.28 -91.0
34.28 -93.0
34.28 -93.0
34.28 -91.0
34.28 -92.0
34.28 -89.0
34.28 -91.0
34.28 -92.0
28.13 -81.0
28.13 -82.0
28.13 -83.0
28.13 -83.0
28.13 -81.0
28.13 -77.0
28.13 -82.0
28.13 -83.0
28.13 -83.0
28.13 -84.0
28.13 -83.0
28.13 -77.0
28.13 -79.0
28.13 -77.0
28.13 -84.0
28.13 -83.0
28.13 -81.0
28.13 -83.0
28.13 -84.0
28.13 -83.0
28.13 -79.0
7.88 -51.0
7.88 -49.0
7.88 -53.0
7.88 -52.0
7.88 -53.0
7.88 -53.0
7.88 -50.0
7.88 -53.0
7.88 -52.0
7.88 -50.0
7.88 -51.0
7.88 -52.0
7.88 -51.0
7.88 -52.0
7.88 -54.0
7.88 -53.0
7.88 -53.0
7.88 -53.0
7.88 -54.0
7.88 -59.0
7.88 -52.0
7.88 -55.0
7.88 -53.0
42.38 -93.0
44.13 -94.0
44.13 -90.0
44.13 -90.0
13.54 -75.0
13.54 -75.0
13.54 -64.0
13.54 -71.0
13.54 -68.0
13.54 -75.0
13.54 -66.0
13.54 -65.0
13.54 -67.0
13.54 -74.0
13.54 -64.0
13.54 -65.0
13.54 -65.0
13.54 -65.0
13.54 -64.0
13.54 -62.0
13.54 -76.0
13.54 -67.0
13.54 -65.0
13.54 -75.0
13.54 -65.0
13.54 -64.0
13.54 -68.0
19.0 -68.0
19.0 -62.0
19.0 -67.0
19.0 -60.0
19.0 -68.0
19.0 -64.0
19.0 -65.0
19.0 -65.0
19.0 -69.0
19.0 -63.0
19.0 -66.0
19.0 -69.0
19.0 -69.0
19.0 -65.0
19.0 -68.0
19.0 -68.0
19.0 -67.0
19.0 -69.0
19.0 -69.0
19.0 -66.0
19.0 -60.0
34.33 -88.0
34.33 -87.0
34.33 -93.0
34.33 -87.0
34.33 -88.0
34.33 -94.0
34.33 -86.0
34.33 -89.0
34.33 -92.0
34.33 -93.0
34.33 -93.0
34.33 -88.0
34.33 -92.0
34.33 -93.0
34.33 -89.0
34.33 -84.0
34.33 -88.0
34.33 -93.0
9.6 -58.0
9.6 -58.0
9.6 -60.0
9.6 -64.0
9.6 -59.0
9.6 -58.0
9.6 -61.0
9.6 -57.0
9.6 -61.0
9.6 -76.0
9.6 -57.0
9.6 -58.0
9.6 -57.0
9.6 -57.0
9.6 -60.0
9.6 -58.0
9.6 -58.0
9.6 -60.0
9.6 -58.0
9.6 -58.0
9.6 -58.0
9.6 -58.0
9.6 -59.0
9.6 -59.0
44.46 -94.0
42.93 -92.0
42.93 -92.0
42.93 -91.0
42.93 -90.0
42.93 -91.0
19.92 -62.0
19.92 -62.0
19.92 -62.0
19.92 -62.0
19.92 -61.0
19.92 -61.0
19.92 -73.0
19.92 -62.0
19.92 -66.0
19.92 -67.0
19.92 -63.0
19.92 -62.0
19.92 -62.0
19.92 -66.0
19.92 -74.0
19.92 -69.0
19.92 -62.0
19.92 -62.0
19.92 -62.0
19.92 -67.0
19.92 -61.0
19.92 -62.0
32.22 -93.0
32.22 -87.0
32.22 -94.0
32.22 -87.0
32.22 -87.0
32.22 -93.0
32.22 -87.0
32.22 -94.0
32.22 -87.0
32.22 -86.0
32.22 -86.0
32.22 -87.0
32.22 -87.0
32.22 -93.0
31.67 -83.0
31.67 -84.0
31.67 -87.0
31.67 -83.0
31.67 -81.0
31.67 -83.0
31.67 -82.0
31.67 -84.0
31.67 -85.0
31.67 -87.0
31.67 -82.0
31.67 -81.0
31.67 -86.0
31.67 -86.0
31.67 -82.0
31.67 -82.0
31.67 -82.0
31.67 -88.0
31.67 -82.0
31.67 -83.0
31.67 -83.0
33.05 -79.0
33.05 -84.0
33.05 -83.0
33.05 -82.0
33.05 -78.0
33.05 -80.0
33.05 -84.0
33.05 -82.0
33.05 -83.0
33.05 -83.0
33.05 -89.0
33.05 -85.0
33.05 -78.0
33.05 -83.0
33.05 -85.0
33.05 -79.0
33.05 -81.0
33.05 -80.0
33.05 -86.0
12.87 -60.0
12.87 -62.0
12.87 -58.0
12.87 -63.0
12.87 -65.0
12.87 -63.0
12.87 -64.0
12.87 -63.0
12.87 -65.0
12.87 -68.0
12.87 -68.0
12.87 -64.0
12.87 -60.0
12.87 -70.0
12.87 -64.0
12.87 -66.0
12.87 -61.0
12.87 -66.0
12.87 -60.0
12.87 -69.0
12.87 -65.0
12.87 -68.0
27.11 -79.0
27.11 -89.0
27.11 -78.0
27.11 -78.0
27.11 -78.0
27.11 -79.0
27.11 -76.0
27.11 -78.0
27.11 -81.0
27.11 -86.0
27.11 -88.0
27.11 -87.0
27.11 -83.0
27.11 -76.0
27.11 -75.0
27.11 -78.0
27.11 -89.0
27.11 -77.0
27.11 -81.0
27.11 -85.0
27.11 -78.0
26.8 -74.0
26.8 -75.0
26.8 -75.0
26.8 -75.0
26.8 -74.0
26.8 -74.0
26.8 -76.0
26.8 -75.0
26.8 -75.0
26.8 -75.0
26.8 -74.0
26.8 -75.0
26.8 -77.0
26.8 -75.0
26.8 -73.0
26.8 -75.0
26.8 -75.0
26.8 -75.0
26.8 -74.0
26.8 -76.0
26.8 -75.0
26.8 -74.0
26.8 -75.0
9.62 -56.0
9.62 -57.0
9.62 -57.0
9.62 -55.0
9.62 -57.0
9.62 -57.0
9.62 -54.0
9.62 -54.0
9.62 -54.0
9.62 -58.0
9.62 -55.0
9.62 -54.0
9.62 -56.0
9.62 -55.0
9.62 -89.0
9.62 -57.0
9.62 -54.0
9.62 -54.0
9.62 -54.0
9.62 -57.0
9.62 -53.0
9.62 -54.0
9.62 -55.0
40.83 -93.0
40.83 -92.0
40.83 -93.0
40.83 -92.0
40.83 -91.0
40.83 -92.0
40.83 -94.0
40.83 -92.0
40.83 -96.0
39.5 -94.0
39.5 -88.0
39.5 -91.0
39.5 -92.0
39.5 -92.0
39.5 -91.0
39.5 -91.0
39.5 -91.0
39.5 -91.0
39.5 -90.0
39.5 -89.0
39.5 -90.0
39.5 -89.0
12.55 -74.0
12.55 -74.0
12.55 -76.0
12.55 -68.0
12.55 -69.0
12.55 -73.0
12.55 -73.0
12.55 -71.0
12.55 -65.0
12.55 -76.0
12.55 -76.0
12.55 -73.0
12.55 -76.0
12.55 -77.0
12.55 -64.0
12.55 -64.0
12.55 -76.0
12.55 -67.0
12.55 -75.0
12.55 -70.0
12.55 -68.0
17.81 -64.0
17.81 -68.0
17.81 -68.0
17.81 -65.0
17.81 -64.0
17.81 -66.0
17.81 -63.0
17.81 -65.0
17.81 -65.0
17.81 -69.0
17.81 -67.0
17.81 -71.0
17.81 -64.0
17.81 -69.0
17.81 -67.0
17.81 -66.0
17.81 -66.0
17.81 -68.0
17.81 -67.0
17.81 -65.0
17.81 -64.0
17.81 -67.0
17.81 -66.0
17.81 -67.0
35.43 -89.0
35.43 -90.0
35.43 -91.0
35.43 -90.0
35.43 -88.0
35.43 -88.0
35.43 -87.0
35.43 -89.0
35.43 -92.0
35.43 -89.0
35.43 -90.0
35.43 -88.0
35.43 -88.0
13.47 -62.0
13.47 -58.0
13.47 -58.0
13.47 -57.0
13.47 -56.0
13.47 -58.0
13.47 -59.0
13.47 -59.0
13.47 -59.0
13.47 -54.0
13.47 -54.0
13.47 -56.0
13.47 -53.0
13.47 -60.0
13.47 -56.0
13.47 -58.0
13.47 -55.0
13.47 -53.0
13.47 -56.0
13.47 -55.0
13.47 -58.0
13.47 -58.0
13.47 -56.0
14.2 -60.0
14.2 -62.0
14.2 -65.0
14.2 -61.0
14.2 -65.0
14.2 -63.0
14.2 -58.0
14.2 -66.0
14.2 -65.0
14.2 -65.0
14.2 -68.0
14.2 -63.0
14.2 -67.0
14.2 -89.0
14.2 -68.0
14.2 -59.0
14.2 -62.0
14.2 -57.0
14.2 -61.0
14.2 -64.0
14.2 -62.0
14.2 -63.0
14.2 -59.0
8.15 -53.0
8.15 -54.0
8.15 -57.0
8.15 -58.0
8.15 -56.0
8.15 -53.0
8.15 -53.0
8.15 -54.0
8.15 -56.0
8.15 -54.0
8.15 -53.0
8.15 -57.0
8.15 -53.0
8.15 -54.0
8.15 -58.0
8.15 -57.0
8.15 -56.0
8.15 -58.0
8.15 -54.0
8.15 -58.0
8.15 -53.0
8.15 -53.0
8.15 -58.0
8.15 -53.0
24.77 -75.0
24.77 -70.0
24.77 -69.0
24.77 -78.0
24.77 -73.0
24.77 -70.0
24.77 -73.0
24.77 -82.0
24.77 -73.0
24.77 -75.0
24.77 -68.0
24.77 -76.0
24.77 -66.0
24.77 -77.0
24.77 -70.0
24.77 -68.0
24.77 -70.0
24.77 -69.0
24.77 -68.0
24.77 -74.0
24.77 -73.0
24.77 -74.0
24.77 -69.0
45.44 -92.0
45.44 -93.0
45.44 -93.0
45.44 -92.0
45.44 -92.0
18.79 -59.0
18.79 -59.0
18.79 -59.0
18.79 -59.0
18.79 -61.0
18.79 -58.0
18.79 -61.0
18.79 -58.0
18.79 -87.0
18.79 -66.0
18.79 -59.0
18.79 -59.0
18.79 -59.0
18.79 -59.0
18.79 -65.0
18.79 -58.0
18.79 -65.0
18.79 -59.0
18.79 -58.0
18.79 -88.0
18.79 -59.0
31.06 -88.0
31.06 -92.0
31.06 -91.0
31.06 -90.0
31.06 -88.0
31.06 -88.0
31.06 -88.0
31.06 -87.0
31.06 -90.0
31.06 -88.0
31.06 -88.0
31.06 -92.0
31.06 -92.0
31.06 -89.0
31.06 -91.0
31.06 -92.0
31.06 -89.0
31.06 -90.0
31.06 -90.0
32.04 -88.0
32.04 -86.0
32.04 -86.0
32.04 -88.0
32.04 -87.0
32.04 -87.0
32.04 -85.0
32.04 -86.0
32.04 -84.0
32.04 -85.0
32.04 -87.0
32.04 -85.0
32.04 -87.0
32.04 -88.0
32.04 -85.0
32.04 -89.0
32.04 -86.0
32.04 -88.0
31.65 -76.0
31.65 -75.0
31.65 -77.0
31.65 -78.0
31.65 -78.0
31.65 -81.0
31.65 -81.0
31.65 -80.0
31.65 -82.0
31.65 -79.0
31.65 -80.0
31.65 -78.0
31.65 -79.0
31.65 -79.0
31.65 -82.0
31.65 -78.0
31.65 -81.0
31.65 -79.0
31.65 -80.0
31.65 -80.0
31.65 -81.0
31.65 -79.0
31.65 -79.0
12.21 -57.0
12.21 -72.0
12.21 -58.0
12.21 -59.0
12.21 -71.0
12.21 -62.0
12.21 -69.0
12.21 -70.0
12.21 -69.0
12.21 -61.0
12.21 -73.0
12.21 -66.0
12.21 -69.0
12.21 -57.0
12.21 -59.0
12.21 -56.0
12.21 -59.0
12.21 -68.0
12.21 -61.0
12.21 -59.0
12.21 -61.0
12.21 -56.0
12.21 -73.0
8.18 -61.0
8.18 -61.0
8.18 -63.0
8.18 -65.0
8.18 -59.0
8.18 -62.0
8.18 -64.0
8.18 -64.0
8.18 -60.0
8.18 -65.0
8.18 -61.0
8.18 -58.0
8.18 -58.0
8.18 -58.0
8.18 -64.0
8.18 -62.0
8.18 -61.0
8.18 -63.0
8.18 -62.0
8.18 -61.0
8.18 -60.0
8.18 -59.0
8.18 -59.0
39.92 -93.0
41.56 -92.0
41.56 -91.0
41.56 -93.0
41.56 -93.0
41.56 -93.0
15.85 -68.0
15.85 -62.0
15.85 -72.0
15.85 -73.0
15.85 -77.0
15.85 -72.0
15.85 -75.0
15.85 -61.0
15.85 -73.0
15.85 -72.0
15.85 -63.0
15.85 -71.0
15.85 -75.0
15.85 -64.0
15.85 -61.0
15.85 -70.0
15.85 -69.0
15.85 -68.0
15.85 -76.0
15.85 -67.0
15.85 -63.0
15.85 -73.0
33.18 -86.0
33.18 -86.0
33.18 -88.0
33.18 -84.0
33.18 -87.0
33.18 -89.0
33.18 -91.0
33.18 -85.0
33.18 -88.0
33.18 -85.0
33.18 -87.0
33.18 -87.0
33.18 -84.0
33.18 -88.0
33.18 -93.0
33.18 -86.0
33.18 -87.0
33.18 -87.0
32.51 -88.0
32.51 -85.0
32.51 -90.0
32.51 -89.0
32.51 -86.0
32.51 -85.0
32.51 -86.0
32.51 -89.0
32.51 -89.0
32.51 -86.0
32.51 -87.0
32.51 -89.0
32.51 -85.0
32.51 -89.0
32.51 -90.0
32.51 -88.0
32.51 -85.0
32.51 -85.0
32.51 -84.0
33.59 -82.0
33.59 -80.0
33.59 -78.0
33.59 -78.0
33.59 -81.0
33.59 -82.0
33.59 -77.0
33.59 -78.0
33.59 -79.0
33.59 -78.0
33.59 -80.0
33.59 -78.0
33.59 -78.0
33.59 -78.0
33.59 -78.0
33.59 -78.0
33.59 -82.0
33.59 -76.0
33.59 -81.0
33.59 -80.0
33.59 -78.0
12.48 -65.0
12.48 -54.0
12.48 -56.0
12.48 -66.0
12.48 -68.0
12.48 -63.0
12.48 -62.0
12.48 -73.0
12.48 -68.0
12.48 -70.0
12.48 -68.0
12.48 -64.0
12.48 -71.0
12.48 -69.0
12.48 -73.0
12.48 -63.0
12.48 -57.0
12.48 -66.0
12.48 -70.0
12.48 -67.0
12.48 -83.0
12.48 -69.0
12.48 -64.0
13.6 -56.0
13.6 -59.0
13.6 -61.0
13.6 -60.0
13.6 -60.0
13.6 -59.0
13.6 -59.0
13.6 -59.0
13.6 -56.0
13.6 -60.0
13.6 -60.0
13.6 -60.0
13.6 -56.0
13.6 -57.0
13.6 -56.0
13.6 -58.0
13.6 -60.0
13.6 -58.0
13.6 -59.0
13.6 -59.0
13.6 -57.0
13.6 -61.0
13.6 -61.0
9.38 -49.0
9.38 -53.0
9.38 -52.0
9.38 -53.0
9.38 -47.0
9.38 -50.0
9.38 -50.0
9.38 -52.0
9.38 -53.0
9.38 -53.0
9.38 -49.0
9.38 -53.0
9.38 -54.0
9.38 -52.0
9.38 -48.0
9.38 -51.0
9.38 -86.0
9.38 -53.0
9.38 -53.0
9.38 -51.0
9.38 -48.0
9.38 -49.0
9.38 -52.0
23.45 -74.0
23.45 -72.0
23.45 -71.0
23.45 -69.0
23.45 -73.0
23.45 -72.0
23.45 -74.0
23.45 -70.0
23.45 -75.0
23.45 -74.0
23.45 -70.0
23.45 -73.0
23.45 -72.0
23.45 -69.0
23.45 -73.0
23.45 -73.0
23.45 -68.0
23.45 -76.0
23.45 -72.0
23.45 -74.0
23.45 -73.0
42.02 -92.0
42.02 -93.0
42.02 -94.0
42.02 -94.0
42.02 -94.0
42.02 -91.5
42.02 -93.0
40.62 -90.0
40.62 -91.0
40.62 -92.0
40.62 -89.0
40.62 -90.0
40.62 -89.0
40.62 -88.0
40.62 -89.0
40.62 -90.0
30.15 -81.0
30.15 -80.0
30.15 -85.0
30.15 -84.0
30.15 -80.0
30.15 -82.0
30.15 -79.0
30.15 -81.0
30.15 -85.0
30.15 -82.0
30.15 -77.0
30.15 -81.0
30.15 -80.0
30.15 -88.0
30.15 -79.0
30.15 -79.0
30.15 -84.0
30.15 -87.0
30.15 -84.0
30.15 -78.0
30.15 -88.0
50.31 -89.0
50.31 -91.0
50.31 -92.0
50.31 -93.0
50.31 -92.0
50.31 -91.0
25.49 -80.0
25.49 -71.0
25.49 -77.0
25.49 -71.0
25.49 -78.0
25.49 -76.0
25.49 -71.0
25.49 -77.0
25.49 -76.0
25.49 -72.0
25.49 -74.0
25.49 -75.0
25.49 -69.0
25.49 -72.0
25.49 -77.0
25.49 -80.0
25.49 -72.0
25.49 -76.0
25.49 -73.0
25.49 -68.0
25.49 -70.0
25.49 -72.0
10.74 -61.0
10.74 -63.0
10.74 -66.0
10.74 -66.0
10.74 -67.0
10.74 -65.0
10.74 -65.0
10.74 -66.0
10.74 -59.0
10.74 -65.0
10.74 -67.0
10.74 -65.0
10.74 -66.0
10.74 -64.0
10.74 -64.0
10.74 -66.0
10.74 -59.0
10.74 -63.0
10.74 -65.0
10.74 -65.0
10.74 -65.0
10.74 -67.0
10.74 -66.0
10.74 -60.0
37.33 -90.0
37.33 -88.0
37.33 -90.0
37.33 -90.0
37.33 -89.0
37.33 -89.0
37.33 -91.0
37.33 -87.0
37.33 -88.0
37.33 -92.0
37.33 -87.0
37.33 -88.0
37.33 -90.0
37.33 -88.0
37.33 -90.0
37.33 -88.0
37.33 -89.0
37.33 -89.0
15.01 -68.0
15.01 -67.0
15.01 -65.0
15.01 -68.0
15.01 -68.0
15.01 -60.0
15.01 -66.0
15.01 -63.0
15.01 -71.0
15.01 -65.0
15.01 -67.0
15.01 -66.0
15.01 -67.0
15.01 -63.0
15.01 -69.0
15.01 -67.0
15.01 -70.0
15.01 -63.0
15.01 -66.0
15.01 -66.0
15.01 -66.0
15.01 -68.0
16.67 -63.0
16.67 -64.0
16.67 -65.0
16.67 -61.0
16.67 -63.0
16.67 -62.0
16.67 -66.0
16.67 -61.0
16.67 -66.0
16.67 -62.0
16.67 -65.0
16.67 -65.0
16.67 -63.0
16.67 -65.0
16.67 -63.0
16.67 -64.0
16.67 -63.0
16.67 -64.0
16.67 -65.0
16.67 -63.0
16.67 -62.0
16.67 -62.0
32.06 -89.0
32.06 -90.0
32.06 -86.0
32.06 -89.0
32.06 -90.0
32.06 -89.0
32.06 -93.0
32.06 -95.0
32.06 -88.0
32.06 -87.0
32.06 -88.0
32.06 -87.0
32.06 -89.0
32.06 -94.0
32.06 -91.0
32.06 -94.0
32.06 -95.0
32.06 -91.0
32.06 -93.0
32.06 -86.0
32.06 -91.0
33.14 -91.0
33.14 -90.0
33.14 -91.0
33.14 -92.0
33.14 -91.0
33.14 -91.0
33.14 -88.0
33.14 -89.0
33.14 -88.0
33.14 -90.0
33.14 -92.0
33.14 -91.0
33.14 -91.0
33.14 -92.0
33.14 -89.0
33.14 -92.0
33.14 -90.0
33.14 -89.0
32.21 -81.0
32.21 -80.0
32.21 -77.0
32.21 -79.0
32.21 -81.0
32.21 -78.0
32.21 -80.0
32.21 -79.0
32.21 -78.0
32.21 -77.0
32.21 -79.0
32.21 -77.0
32.21 -80.0
32.21 -77.0
32.21 -82.0
32.21 -82.0
32.21 -79.0
32.21 -78.0
32.21 -77.0
32.21 -77.0
11.5 -55.0
11.5 -59.0
11.5 -58.0
11.5 -57.0
11.5 -55.0
11.5 -60.0
11.5 -60.0
11.5 -57.0
11.5 -57.0
11.5 -62.0
11.5 -57.0
11.5 -57.0
11.5 -55.0
11.5 -54.0
11.5 -57.0
11.5 -57.0
11.5 -54.0
11.5 -56.0
11.5 -58.0
11.5 -56.0
11.5 -57.0
11.5 -60.0
46.55 -91.0
46.55 -92.0
46.55 -92.0
7.89 -55.0
7.89 -59.0
7.89 -55.0
7.89 -54.0
7.89 -55.0
7.89 -56.0
7.89 -50.0
7.89 -49.0
7.89 -49.0
7.89 -55.0
7.89 -49.0
7.89 -51.0
7.89 -49.0
7.89 -54.0
7.89 -53.0
7.89 -55.0
7.89 -54.0
7.89 -50.0
7.89 -54.0
7.89 -50.0
7.89 -56.0
7.89 -56.0
41.14 -92.0
41.14 -94.0
42.84 -89.0
42.84 -90.0
42.84 -91.0
42.84 -92.0
42.84 -90.0
42.84 -93.0
42.84 -90.0
42.84 -91.0
42.84 -90.0
42.84 -90.0
42.84 -92.0
42.84 -92.0
17.71 -62.0
17.71 -58.0
17.71 -62.0
17.71 -61.0
17.71 -63.0
17.71 -60.0
17.71 -63.0
17.71 -60.0
17.71 -60.0
17.71 -61.0
17.71 -61.0
17.71 -64.0
17.71 -59.0
17.71 -60.0
17.71 -64.0
17.71 -61.0
17.71 -60.0
17.71 -59.0
17.71 -60.0
17.71 -59.0
29.94 -91.0
29.94 -89.0
29.94 -92.0
29.94 -87.0
29.94 -92.0
29.94 -90.0
29.94 -88.0
29.94 -89.0
29.94 -88.0
29.94 -91.0
29.94 -92.0
29.94 -88.0
29.94 -88.0
29.94 -89.0
29.94 -89.0
29.94 -89.0
30.25 -84.0
30.25 -82.0
30.25 -79.0
30.25 -78.0
30.25 -79.0
30.25 -80.0
30.25 -82.0
30.25 -85.0
30.25 -87.0
30.25 -82.0
30.25 -79.0
30.25 -82.0
30.25 -80.0
30.25 -80.0
30.25 -79.0
30.25 -83.0
30.25 -82.0
30.25 -81.0
30.25 -79.0
30.25 -80.0
30.25 -80.0
30.25 -82.0
30.25 -83.0
11.69 -57.0
11.69 -57.0
11.69 -61.0
11.69 -62.0
11.69 -60.0
11.69 -55.0
11.69 -54.0
11.69 -63.0
11.69 -60.0
11.69 -62.0
11.69 -61.0
11.69 -56.0
11.69 -62.0
11.69 -60.0
11.69 -61.0
11.69 -62.0
11.69 -63.0
11.69 -61.0
11.69 -59.0
11.69 -63.0
11.69 -58.0
11.69 -61.0
24.2 -75.0
24.2 -74.0
24.2 -74.0
24.2 -75.0
24.2 -78.0
24.2 -79.0
24.2 -74.0
24.2 -75.0
24.2 -77.0
24.2 -75.0
24.2 -74.0
24.2 -74.0
24.2 -73.0
24.2 -73.0
24.2 -74.0
24.2 -72.0
24.2 -77.0
24.2 -74.0
24.2 -73.0
24.2 -74.0
24.2 -75.0
9.47 -68.0
9.47 -61.0
9.47 -71.0
9.47 -60.0
9.47 -58.0
9.47 -58.0
9.47 -59.0
9.47 -67.0
9.47 -59.0
9.47 -69.0
9.47 -58.0
9.47 -71.0
9.47 -59.0
9.47 -59.0
9.47 -68.0
9.47 -69.0
9.47 -68.0
9.47 -59.0
9.47 -69.0
9.47 -59.0
9.47 -71.0
9.47 -60.0
9.47 -70.0
9.47 -68.0
39.05 -91.0
39.05 -91.0
39.05 -90.0
39.05 -91.0
39.05 -91.0
39.05 -91.0
39.05 -92.0
39.05 -90.0
39.05 -91.0
39.05 -91.0
39.05 -92.0
15.59 -60.0
15.59 -61.0
15.59 -61.0
15.59 -59.0
15.59 -67.0
15.59 -61.0
15.59 -67.0
15.59 -62.0
15.59 -61.0
15.59 -66.0
15.59 -64.0
15.59 -62.0
15.59 -61.0
15.59 -67.0
15.59 -64.0
15.59 -60.0
15.59 -61.0
15.59 -64.0
15.59 -62.0
15.59 -62.0
15.59 -60.0
15.59 -61.0
30.89 -90.0
30.89 -87.0
30.89 -90.0
30.89 -82.0
30.89 -89.0
30.89 -93.0
30.89 -85.0
30.89 -87.0
30.89 -88.0
30.89 -87.0
30.89 -92.0
30.89 -85.0
30.89 -85.0
30.89 -86.0
30.89 -84.0
30.89 -87.0
30.89 -90.0
30.89 -88.0
30.89 -89.0
30.89 -87.0
30.89 -89.0
10.32 -86.0
10.32 -58.0
10.32 -57.0
10.32 -59.0
10.32 -54.0
10.32 -60.0
10.32 -56.0
10.32 -57.0
10.32 -59.0
10.32 -54.0
10.32 -55.0
10.32 -56.0
10.32 -54.0
10.32 -57.0
10.32 -56.0
10.32 -59.0
10.32 -54.0
10.32 -58.0
10.32 -54.0
10.32 -58.0
10.32 -53.0
10.32 -59.0
10.32 -61.0
10.32 -61.0
13.14 -58.0
13.14 -62.0
13.14 -69.0
13.14 -59.0
13.14 -64.0
13.14 -69.0
13.14 -63.0
13.14 -59.0
13.14 -57.0
13.14 -61.0
13.14 -70.0
13.14 -68.0
13.14 -58.0
13.14 -67.0
13.14 -58.0
13.14 -64.0
13.14 -57.0
13.14 -61.0
13.14 -58.0
13.14 -66.0
13.14 -62.0
13.14 -69.0
13.14 -68.0
10.09 -59.0
10.09 -63.0
10.09 -67.0
10.09 -67.0
10.09 -59.0
10.09 -68.0
10.09 -58.0
10.09 -69.0
10.09 -59.0
10.09 -58.0
10.09 -68.0
10.09 -67.0
10.09 -59.0
10.09 -67.0
10.09 -60.0
10.09 -69.0
10.09 -59.0
10.09 -61.0
10.09 -70.0
10.09 -58.0
10.09 -55.0
10.09 -59.0
22.14 -67.0
22.14 -70.0
22.14 -72.0
22.14 -73.0
22.14 -65.0
22.14 -70.0
22.14 -69.0
22.14 -65.0
22.14 -71.0
22.14 -75.0
22.14 -71.0
22.14 -71.0
22.14 -68.0
22.14 -65.0
22.14 -68.0
22.14 -71.0
22.14 -70.0
22.14 -67.0
22.14 -70.0
22.14 -68.0
22.14 -67.0
22.14 -69.0
22.14 -68.0
22.14 -68.0
22.14 -68.0
