21.77 -91.0
6.36 -64.0
6.36 -64.0
6.36 -64.0
6.36 -63.0
6.36 -63.0
6.36 -83.0
6.36 -64.0
6.36 -64.0
6.36 -63.0
6.36 -64.0
6.36 -62.0
6.36 -64.0
6.36 -64.0
6.36 -65.0
6.36 -64.0
6.36 -63.0
6.36 -64.0
6.36 -64.0
6.36 -65.0
6.36 -54.0
6.53 -59.0
6.53 -61.0
6.53 -70.0
6.53 -56.0
6.53 -55.0
6.53 -57.0
6.53 -57.0
6.53 -60.0
6.53 -56.0
6.53 -62.0
11.02 -83.0
11.02 -88.0
11.02 -86.0
11.02 -86.0
11.02 -83.0
11.02 -83.0
11.02 -81.0
11.02 -87.0
11.02 -89.0
11.02 -84.0
11.02 -83.0
11.02 -87.0
11.02 -87.0
11.02 -89.0
14.21 -70.0
14.21 -71.0
14.21 -68.0
14.21 -74.0
14.21 -69.0
14.21 -73.0
14.21 -70.0
14.21 -71.0
14.21 -72.0
14.21 -71.0
14.21 -72.0
14.21 -73.0
14.21 -68.0
14.21 -69.0
14.21 -73.0
14.21 -70.0
14.21 -73.0
14.21 -69.0
14.21 -73.0
18.27 -79.0
18.27 -77.0
18.27 -78.0
18.27 -79.0
18.27 -76.0
18.27 -77.0
18.27 -79.0
18.27 -77.0
18.27 -78.0
18.27 -77.0
18.27 -77.0
18.27 -78.0
18.27 -79.0
18.27 -78.0
14.36 -90.0
12.86 -82.0
12.86 -80.0
12.86 -80.0
12.86 -82.0
12.86 -79.0
12.86 -82.0
12.86 -81.0
12.86 -82.0
12.86 -90.0
12.86 -80.0
12.86 -82.0
12.86 -82.0
12.86 -83.0
12.86 -80.0
8.24 -71.0
8.24 -72.0
8.24 -73.0
8.24 -72.0
8.24 -70.0
8.24 -74.0
8.24 -72.0
8.24 -72.0
8.24 -71.0
8.24 -71.0
8.24 -71.0
8.24 -71.0
8.24 -75.0
8.24 -71.0
8.24 -72.0
14.54 -69.0
14.54 -67.0
14.54 -68.0
14.54 -67.0
14.54 -82.0
14.54 -66.0
14.54 -67.0
14.54 -67.0
14.54 -67.0
14.54 -67.0
14.54 -68.0
14.54 -67.0
14.54 -68.0
14.54 -66.0
14.9 -75.0
14.9 -76.0
14.9 -76.0
14.9 -74.0
14.9 -83.0
14.9 -73.0
14.9 -76.0
14.9 -83.0
14.9 -83.0
14.9 -74.0
14.9 -74.0
14.9 -74.0
14.9 -74.0
14.9 -74.0
14.9 -75.0
14.9 -73.0
8.02 -58.0
8.02 -68.0
8.02 -61.0
8.02 -62.0
8.02 -62.0
8.02 -67.0
8.02 -61.0
8.02 -67.0
8.02 -64.0
8.02 -62.0
8.02 -61.0
8.02 -63.0
8.02 -60.0
8.02 -63.0
8.02 -62.0
8.02 -61.0
8.02 -62.0
8.02 -61.0
10.49 -83.0
10.49 -83.0
10.49 -85.0
10.49 -83.0
10.49 -83.0
10.49 -82.0
10.49 -82.0
10.49 -82.0
10.49 -82.0
10.49 -82.0
10.49 -81.0
10.49 -87.0
10.49 -82.0
10.49 -83.0
10.49 -91.0
5.1 -67.0
5.1 -69.0
5.1 -69.0
5.1 -73.0
5.1 -68.0
5.1 -70.0
5.1 -69.0
5.1 -68.0
5.1 -68.0
5.1 -68.0
5.1 -67.0
5.1 -68.0
5.1 -68.0
5.1 -67.0
5.1 -72.0
5.1 -69.0
5.1 -68.0
18.85 -77.0
18.85 -78.0
18.85 -77.0
18.85 -77.0
18.85 -76.0
18.85 -77.0
18.85 -77.0
18.85 -77.0
18.85 -77.0
18.85 -77.0
18.85 -77.0
18.85 -77.0
18.85 -76.0
18.85 -78.0
18.85 -76.0
18.85 -76.0
6.94 -58.0
6.94 -57.0
6.94 -57.0
6.94 -58.0
6.94 -57.0
6.94 -59.0
6.94 -58.0
6.94 -65.0
6.94 -58.0
6.94 -56.0
6.94 -60.0
6.94 -58.0
6.94 -58.0
6.94 -58.0
6.94 -58.0
6.94 -60.0
6.94 -58.0
6.94 -61.0
6.94 -57.0
11.44 -82.0
11.44 -82.0
11.44 -81.0
11.44 -82.0
11.44 -82.0
11.44 -81.0
11.44 -82.0
11.44 -80.0
11.44 -80.0
11.44 -82.0
11.44 -82.0
11.44 -82.0
11.44 -82.0
9.47 -67.0
9.47 -66.0
9.47 -66.0
9.47 -68.0
9.47 -66.0
9.47 -68.0
9.47 -64.0
9.47 -67.0
9.47 -68.0
9.47 -68.0
9.47 -68.0
9.47 -67.0
9.47 -69.0
9.47 -67.0
9.47 -64.0
9.47 -66.0
9.47 -67.0
16.87 -81.0
16.87 -81.0
16.87 -80.0
16.87 -80.0
16.87 -81.0
16.87 -80.0
16.87 -78.0
16.87 -81.0
16.87 -81.0
16.87 -81.0
16.87 -81.0
16.87 -81.0
2.63 -66.0
2.63 -64.0
2.63 -61.0
2.63 -61.0
2.63 -64.0
2.63 -64.0
2.63 -63.0
2.63 -63.0
2.63 -63.0
2.63 -62.0
2.63 -64.0
2.63 -64.0
2.63 -68.0
2.63 -74.0
2.63 -73.0
2.63 -66.0
2.63 -63.0
2.63 -63.0
2.63 -64.0
2.63 -66.0
2.63 -61.0
19.22 -90.0
19.22 -92.0
19.22 -89.0
19.22 -90.0
7.6 -63.0
7.6 -63.0
7.6 -62.0
7.6 -75.0
7.6 -63.0
7.6 -80.0
7.6 -63.0
7.6 -62.0
7.6 -62.0
7.6 -68.0
7.6 -64.0
7.6 -64.0
7.6 -63.0
7.6 -61.0
7.6 -61.0
7.6 -63.0
7.6 -63.0
7.42 -66.0
7.42 -66.0
7.42 -66.0
7.42 -65.0
7.42 -56.0
7.42 -66.0
7.42 -67.0
7.42 -64.0
7.42 -57.0
7.42 -57.0
7.42 -64.0
7.42 -67.0
7.42 -58.0
7.42 -63.0
7.42 -57.0
7.42 -57.0
7.42 -64.0
7.42 -65.0
7.42 -57.0
9.56 -83.0
9.56 -83.0
9.56 -83.0
9.56 -81.0
9.56 -83.0
9.56 -82.0
9.56 -82.0
9.56 -84.0
9.56 -82.0
9.56 -81.0
9.56 -80.0
9.56 -81.0
9.56 -81.0
9.56 -84.0
9.56 -83.0
9.56 -82.0
9.56 -82.0
15.69 -72.0
15.69 -74.0
15.69 -73.0
15.69 -74.0
15.69 -71.0
15.69 -74.0
15.69 -72.0
15.69 -72.0
15.69 -77.0
15.69 -72.0
15.69 -74.0
15.69 -76.0
15.69 -74.0
15.69 -73.0
15.69 -71.0
4.05 -65.0
4.05 -63.0
4.05 -64.0
4.05 -64.0
4.05 -90.0
4.05 -63.0
4.05 -64.0
4.05 -64.0
4.05 -64.0
4.05 -62.0
4.05 -64.0
4.05 -65.0
4.05 -63.0
4.05 -64.0
4.05 -70.0
4.05 -64.0
4.05 -63.0
4.05 -64.0
4.05 -64.0
4.05 -64.0
21.1 -79.0
21.1 -78.0
21.1 -78.0
21.1 -77.0
21.1 -77.0
21.1 -78.0
21.1 -77.0
21.1 -79.0
21.1 -79.0
21.1 -78.0
21.1 -79.0
21.1 -78.0
17.14 -86.0
17.14 -87.0
17.14 -85.0
17.14 -86.0
17.14 -88.0
17.14 -85.0
17.14 -87.0
17.14 -90.0
17.14 -88.0
17.14 -86.0
17.14 -88.0
17.14 -85.0
17.14 -86.0
17.14 -85.0
15.69 -90.0
15.69 -91.0
15.69 -92.0
15.69 -92.0
8.36 -67.0
8.36 -61.0
8.36 -68.0
8.36 -64.0
8.36 -70.0
8.36 -66.0
8.36 -64.0
8.36 -68.0
8.36 -65.0
8.36 -67.0
8.36 -64.0
8.36 -65.0
8.36 -68.0
8.36 -64.0
8.36 -66.0
8.36 -68.0
11.73 -88.0
11.73 -89.0
11.73 -89.0
11.73 -87.0
11.73 -86.0
11.73 -89.0
11.73 -89.0
11.73 -87.0
11.73 -87.0
11.73 -88.0
11.73 -85.0
11.73 -89.0
11.73 -88.0
10.36 -69.0
10.36 -69.0
10.36 -69.0
10.36 -79.0
10.36 -69.0
10.36 -68.0
10.36 -69.0
10.36 -68.0
10.36 -68.0
10.36 -68.0
10.36 -68.0
10.36 -79.0
10.36 -67.0
10.36 -69.0
10.36 -69.0
10.36 -68.0
10.36 -67.0
15.99 -71.0
15.99 -75.0
15.99 -80.0
15.99 -73.0
15.99 -73.0
15.99 -74.0
15.99 -78.0
15.99 -72.0
15.99 -72.0
15.99 -73.0
15.99 -78.0
15.99 -79.0
15.99 -73.0
15.99 -74.0
15.99 -73.0
17.51 -81.0
17.51 -80.0
17.51 -82.0
17.51 -82.0
17.51 -83.0
17.51 -83.0
17.51 -81.0
17.51 -82.0
17.51 -82.0
17.51 -82.0
17.51 -83.0
17.51 -82.0
17.51 -81.0
17.51 -82.0
17.51 -83.0
22.8 -90.0
22.8 -90.0
22.8 -90.0
22.8 -90.0
8.91 -64.0
8.91 -63.0
8.91 -63.0
8.91 -63.0
8.91 -60.0
8.91 -63.0
8.91 -67.0
8.91 -60.0
8.91 -62.0
8.91 -65.0
8.91 -62.0
8.91 -60.0
8.91 -67.0
8.91 -61.0
8.91 -61.0
8.91 -63.0
8.91 -60.0
8.76 -65.0
8.76 -63.0
8.76 -68.0
8.76 -67.0
8.76 -67.0
8.76 -67.0
8.76 -66.0
8.76 -67.0
8.76 -67.0
8.76 -67.0
8.76 -67.0
8.76 -66.0
8.76 -67.0
8.76 -67.0
8.76 -67.0
8.76 -67.0
8.76 -67.0
8.28 -79.0
8.28 -77.0
8.28 -80.0
8.28 -77.0
8.28 -78.0
8.28 -79.0
8.28 -79.0
8.28 -79.0
8.28 -78.0
8.28 -79.0
8.28 -82.0
8.28 -82.0
8.28 -80.0
8.28 -77.0
8.28 -79.0
8.12 -82.0
8.12 -82.0
8.12 -78.0
8.12 -80.0
8.12 -78.0
8.12 -79.0
8.12 -79.0
8.12 -77.0
8.12 -78.0
8.12 -78.0
8.12 -77.0
8.12 -79.0
8.12 -79.0
8.12 -80.0
8.12 -80.0
8.12 -80.0
8.12 -79.0
21.61 -80.0
21.61 -80.0
21.61 -82.0
21.61 -82.0
21.61 -80.0
21.61 -82.0
21.61 -81.0
21.61 -81.0
21.61 -88.0
21.61 -79.0
21.61 -84.0
21.61 -81.0
21.61 -80.0
21.61 -81.0
21.61 -80.0
21.61 -84.0
21.61 -79.0
21.61 -82.0
16.38 -88.0
16.38 -88.0
16.38 -85.0
16.38 -89.0
16.38 -89.0
16.38 -88.0
16.38 -87.0
16.38 -87.0
16.38 -89.0
16.38 -85.0
16.38 -87.0
16.38 -87.0
16.38 -89.0
16.38 -90.0
18.52 -91.0
10.05 -81.0
10.05 -83.0
10.05 -82.0
10.05 -82.0
10.05 -80.0
10.05 -81.0
10.05 -82.0
10.05 -85.0
10.05 -82.0
10.05 -83.0
10.05 -82.0
10.05 -84.0
10.05 -83.0
10.05 -83.0
11.36 -70.0
11.36 -71.0
11.36 -71.0
11.36 -70.0
11.36 -71.0
11.36 -69.0
11.36 -70.0
11.36 -81.0
11.36 -71.0
11.36 -70.0
11.36 -70.0
11.36 -82.0
11.36 -69.0
11.36 -70.0
11.36 -80.0
11.36 -70.0
11.36 -70.0
11.36 -71.0
19.68 -83.0
19.68 -84.0
19.68 -84.0
19.68 -85.0
19.68 -84.0
19.68 -82.0
19.68 -83.0
19.68 -83.0
19.68 -83.0
19.68 -83.0
19.68 -84.0
2.48 -67.0
2.48 -59.0
2.48 -63.0
2.48 -69.0
2.48 -69.0
2.48 -66.0
2.48 -65.0
2.48 -66.0
2.48 -69.0
2.48 -64.0
2.48 -68.0
2.48 -68.0
2.48 -56.0
2.48 -70.0
2.48 -65.0
2.48 -68.0
2.48 -68.0
2.48 -66.0
2.48 -63.0
2.48 -68.0
2.48 -65.0
9.24 -74.0
9.24 -74.0
9.24 -72.0
9.24 -78.0
9.24 -75.0
9.24 -75.0
9.24 -74.0
9.24 -76.0
9.24 -74.0
9.24 -73.0
9.24 -75.0
9.24 -75.0
9.24 -74.0
3.96 -58.0
3.96 -58.0
3.96 -58.0
3.96 -58.0
3.96 -58.0
3.96 -59.0
3.96 -70.0
3.96 -58.0
3.96 -60.0
3.96 -58.0
3.96 -58.0
3.96 -58.0
3.96 -58.0
3.96 -58.0
3.96 -59.0
3.96 -60.0
3.96 -57.0
3.96 -58.0
3.96 -58.0
3.96 -58.0
3.96 -59.0
14.7 -89.0
14.7 -91.0
14.7 -89.0
14.7 -90.0
14.7 -89.0
14.7 -90.0
14.7 -87.0
13.66 -87.0
13.66 -88.0
13.66 -89.0
13.66 -87.0
13.66 -87.0
15.44 -86.0
15.44 -86.0
15.44 -85.0
15.44 -85.0
15.44 -86.0
15.44 -83.0
15.44 -86.0
15.44 -85.0
15.44 -81.0
15.44 -85.0
15.44 -84.0
15.44 -83.0
15.44 -83.0
9.81 -67.0
9.81 -70.0
9.81 -70.0
9.81 -70.0
9.81 -69.0
9.81 -70.0
9.81 -67.0
9.81 -70.0
9.81 -71.0
9.81 -67.0
9.81 -71.0
9.81 -66.0
9.81 -70.0
9.81 -71.0
9.81 -68.0
9.81 -72.0
9.33 -84.0
9.33 -82.0
9.33 -81.0
9.33 -81.0
9.33 -81.0
9.33 -85.0
9.33 -81.0
9.33 -85.0
9.33 -83.0
9.33 -85.0
9.33 -82.0
9.33 -86.0
9.33 -82.0
9.33 -82.0
9.33 -81.0
9.33 -81.0
9.33 -80.0
9.33 -80.0
8.69 -83.0
8.69 -83.0
8.69 -74.0
8.69 -76.0
8.69 -83.0
8.69 -75.0
8.69 -75.0
8.69 -83.0
8.69 -75.0
8.69 -76.0
8.69 -75.0
8.69 -84.0
8.69 -83.0
8.69 -76.0
8.69 -76.0
12.84 -75.0
12.84 -74.0
12.84 -76.0
12.84 -76.0
12.84 -76.0
12.84 -76.0
12.84 -77.0
12.84 -74.0
12.84 -75.0
12.84 -76.0
12.84 -75.0
12.84 -76.0
20.22 -77.0
20.22 -82.0
20.22 -79.0
20.22 -79.0
20.22 -79.0
20.22 -79.0
20.22 -80.0
20.22 -79.0
20.22 -79.0
20.22 -79.0
20.22 -79.0
20.22 -79.0
20.22 -75.0
20.22 -77.0
20.22 -77.0
20.22 -78.0
20.22 -77.0
20.22 -81.0
20.22 -80.0
3.15 -60.0
3.15 -60.0
3.15 -57.0
3.15 -58.0
3.15 -58.0
3.15 -63.0
3.15 -58.0
3.15 -58.0
3.15 -57.0
3.15 -58.0
3.15 -58.0
3.15 -57.0
3.15 -59.0
3.15 -59.0
3.15 -60.0
3.15 -58.0
3.15 -58.0
3.15 -57.0
3.15 -59.0
3.15 -56.0
3.15 -58.0
19.93 -91.0
19.93 -91.0
6.57 -61.0
6.57 -61.0
6.57 -56.0
6.57 -59.0
6.57 -60.0
6.57 -60.0
6.57 -63.0
6.57 -59.0
6.57 -60.0
6.57 -58.0
6.57 -61.0
6.57 -61.0
6.57 -61.0
6.57 -61.0
6.57 -56.0
6.57 -58.0
10.28 -68.0
10.28 -68.0
10.28 -69.0
10.28 -65.0
10.28 -68.0
10.28 -68.0
10.28 -70.0
10.28 -70.0
10.28 -68.0
10.28 -69.0
10.28 -69.0
10.28 -68.0
10.28 -63.0
10.28 -69.0
10.28 -71.0
10.28 -70.0
10.35 -67.0
10.35 -69.0
10.35 -67.0
10.35 -72.0
10.35 -68.0
10.35 -67.0
10.35 -68.0
10.35 -67.0
10.35 -68.0
10.35 -68.0
10.35 -68.0
10.35 -67.0
6.7 -80.0
6.7 -77.0
6.7 -80.0
6.7 -75.0
6.7 -81.0
6.7 -79.0
6.7 -79.0
6.7 -77.0
6.7 -79.0
6.7 -78.0
6.7 -80.0
6.7 -78.0
6.7 -76.0
6.7 -77.0
6.7 -80.0
4.41 -63.0
4.41 -64.0
4.41 -64.0
4.41 -63.0
4.41 -64.0
4.41 -65.0
4.41 -65.0
4.41 -63.0
4.41 -65.0
4.41 -63.0
4.41 -62.0
4.41 -63.0
4.41 -63.0
4.41 -63.0
4.41 -63.0
4.41 -64.0
4.41 -65.0
13.81 -90.0
13.81 -89.0
13.81 -90.0
13.81 -90.0
13.81 -89.0
13.81 -92.0
15.72 -90.0
15.72 -90.0
15.72 -89.0
15.72 -91.0
15.72 -91.0
15.72 -91.0
15.72 -92.0
13.96 -85.0
13.96 -86.0
13.96 -83.0
13.96 -86.5
13.96 -85.0
13.96 -88.0
13.96 -85.0
13.96 -83.0
13.96 -85.0
13.96 -85.0
13.96 -84.0
13.96 -87.0
13.96 -85.0
13.96 -85.0
11.27 -67.0
11.27 -66.0
11.27 -65.0
11.27 -65.0
11.27 -64.0
11.27 -64.0
11.27 -66.0
11.27 -65.0
11.27 -66.0
11.27 -68.0
11.27 -67.0
11.27 -66.0
13.66 -77.0
13.66 -77.0
13.66 -75.0
13.66 -78.0
13.66 -76.0
13.66 -73.0
13.66 -76.0
13.66 -76.0
13.66 -76.0
13.66 -76.0
13.66 -74.0
13.66 -73.0
13.66 -77.0
13.66 -75.0
13.66 -75.0
13.66 -73.0
22.53 -77.0
22.53 -78.0
22.53 -78.0
22.53 -78.0
22.53 -82.0
22.53 -78.0
22.53 -80.0
22.53 -80.0
22.53 -82.0
22.53 -81.0
22.53 -78.0
22.53 -75.0
22.53 -82.0
22.53 -80.0
22.53 -78.0
15.9 -91.0
15.9 -89.0
15.9 -92.0
15.9 -92.0
15.9 -91.0
15.9 -88.0
14.63 -87.0
14.63 -86.0
14.63 -86.0
14.63 -89.0
14.63 -85.0
14.63 -87.0
14.63 -86.0
14.63 -85.0
14.63 -87.0
14.63 -88.0
14.63 -86.0
14.63 -87.0
14.63 -86.0
14.63 -87.0
14.63 -86.0
14.63 -88.0
14.63 -87.0
15.75 -87.0
15.75 -89.0
15.75 -83.0
15.75 -84.0
15.75 -84.0
15.75 -91.0
8.05 -57.0
8.05 -58.0
8.05 -59.0
8.05 -58.0
8.05 -58.0
8.05 -59.0
8.05 -58.0
8.05 -59.0
8.05 -57.0
8.05 -59.0
8.05 -61.0
8.05 -57.0
8.05 -58.0
8.05 -61.0
8.05 -58.0
8.05 -59.0
8.05 -59.0
8.05 -60.0
8.05 -61.0
8.05 -63.0
8.05 -59.0
11.68 -67.0
11.68 -68.0
11.68 -67.0
11.68 -70.0
11.68 -68.0
11.68 -71.0
11.68 -68.0
11.68 -81.0
11.68 -71.0
11.68 -74.0
11.68 -71.0
11.68 -69.0
11.68 -71.0
11.68 -69.0
11.68 -67.0
11.68 -73.0
11.68 -70.0
11.57 -76.0
11.57 -79.0
11.57 -78.0
11.57 -77.0
11.57 -80.0
11.57 -81.0
11.57 -77.0
11.57 -77.0
11.57 -77.0
11.57 -80.0
11.57 -80.0
11.57 -77.0
11.57 -77.0
5.33 -73.0
5.33 -74.0
5.33 -77.0
5.33 -76.0
5.33 -78.0
5.33 -76.0
5.33 -79.0
5.33 -76.0
5.33 -74.0
5.33 -72.0
5.33 -77.0
5.33 -75.0
5.33 -81.0
5.33 -79.0
5.33 -77.0
5.33 -77.0
5.33 -76.0
5.33 -73.0
12.04 -79.0
12.04 -87.0
12.04 -80.0
12.04 -82.0
12.04 -78.0
12.04 -79.0
12.04 -79.0
12.04 -82.0
12.04 -86.0
12.04 -85.0
12.04 -87.0
7.38 -75.0
7.38 -79.0
7.38 -76.0
7.38 -80.0
7.38 -79.0
7.38 -77.0
7.38 -76.0
7.38 -77.0
7.38 -80.0
7.38 -78.0
7.38 -79.0
7.38 -75.0
7.38 -77.0
7.38 -77.0
7.38 -79.0
7.38 -79.0
7.38 -80.0
15.5 -79.0
15.5 -82.0
15.5 -80.0
15.5 -79.0
15.5 -78.0
15.5 -81.0
15.5 -77.0
15.5 -78.0
15.5 -80.0
15.5 -79.0
15.5 -79.0
15.5 -79.0
15.5 -79.0
15.5 -77.0
20.48 -89.0
20.48 -90.0
20.48 -89.0
20.48 -91.0
23.01 -80.0
23.01 -78.0
23.01 -77.0
23.01 -80.0
23.01 -81.0
23.01 -82.0
23.01 -78.0
23.01 -77.0
23.01 -76.0
23.01 -77.0
23.01 -79.0
23.01 -79.0
23.01 -78.0
23.01 -79.0
23.01 -78.0
4.26 -62.0
4.26 -65.0
4.26 -65.0
4.26 -63.0
4.26 -60.0
4.26 -60.0
4.26 -58.0
4.26 -65.5
4.26 -65.0
4.26 -66.0
4.26 -65.0
4.26 -60.0
4.26 -65.0
4.26 -67.0
4.26 -58.0
4.26 -57.0
4.26 -59.0
4.26 -60.0
4.26 -56.0
4.26 -63.0
15.07 -88.0
15.07 -86.0
15.07 -83.0
15.07 -86.0
15.07 -86.0
15.07 -88.0
15.07 -91.0
15.07 -89.0
15.07 -84.0
15.07 -92.0
17.11 -87.0
17.11 -90.0
17.11 -88.0
17.11 -86.0
17.11 -89.0
17.11 -88.0
17.11 -90.0
17.11 -87.0
17.11 -87.0
17.11 -89.0
14.3 -86.0
14.3 -82.0
14.3 -85.0
14.3 -87.0
14.3 -83.0
14.3 -85.0
14.3 -85.0
14.3 -83.0
14.3 -87.0
14.3 -84.0
6.82 -61.0
6.82 -61.0
6.82 -63.0
6.82 -64.0
6.82 -62.0
6.82 -62.0
6.82 -63.0
6.82 -62.0
6.82 -62.0
6.82 -63.0
6.82 -61.0
6.82 -65.0
6.82 -62.0
6.82 -60.0
6.82 -67.0
12.47 -77.0
12.47 -74.0
12.47 -74.0
12.47 -76.0
12.47 -75.0
12.47 -76.0
12.47 -75.0
12.47 -76.0
12.47 -75.0
12.47 -80.0
12.47 -76.0
5.26 -59.0
5.26 -59.0
5.26 -63.0
5.26 -59.0
5.26 -59.0
5.26 -63.0
5.26 -62.0
5.26 -57.0
5.26 -64.0
5.26 -58.0
5.26 -58.0
5.26 -59.0
5.26 -58.0
5.26 -61.0
5.26 -59.0
5.26 -61.0
5.26 -58.0
5.26 -58.0
5.26 -57.0
13.03 -91.0
13.03 -89.0
13.03 -89.0
13.03 -86.0
13.03 -88.0
13.03 -91.0
13.03 -89.0
13.03 -88.0
13.03 -89.0
13.03 -87.0
13.03 -89.0
13.03 -89.0
13.03 -87.0
12.49 -86.0
12.49 -87.0
12.49 -91.0
12.49 -86.0
12.49 -86.0
12.49 -85.0
12.49 -87.0
12.49 -88.0
12.49 -90.0
12.49 -88.0
12.49 -87.0
12.73 -73.0
12.73 -74.0
12.73 -71.0
12.73 -73.0
12.73 -70.0
12.73 -74.0
12.73 -74.0
12.73 -69.0
12.73 -73.0
12.73 -74.0
12.73 -74.0
12.73 -74.0
12.73 -73.0
6.16 -72.0
6.16 -73.0
6.16 -72.0
6.16 -71.0
6.16 -72.0
6.16 -73.0
6.16 -71.0
6.16 -74.0
6.16 -76.0
6.16 -72.0
6.16 -72.0
6.16 -73.0
6.16 -73.0
6.16 -72.0
16.19 -83.0
16.19 -75.0
16.19 -74.0
16.19 -83.0
16.19 -74.0
16.19 -75.0
16.19 -74.0
16.19 -75.0
16.19 -80.0
16.19 -73.0
16.19 -73.0
16.19 -76.0
16.19 -84.0
5.56 -60.0
5.56 -64.0
5.56 -59.0
5.56 -62.0
5.56 -61.0
5.56 -59.0
5.56 -61.0
5.56 -60.0
5.56 -61.0
5.56 -62.0
5.56 -65.0
5.56 -61.0
5.56 -61.0
5.56 -63.0
5.56 -63.0
5.56 -62.0
5.56 -60.0
5.56 -61.0
5.56 -60.0
5.56 -67.0
12.79 -86.0
12.79 -84.0
12.79 -87.0
12.79 -86.0
12.79 -89.0
12.79 -86.0
12.79 -88.0
8.26 -59.0
8.26 -60.0
8.26 -59.0
8.26 -58.0
8.26 -62.0
8.26 -61.0
8.26 -58.0
8.26 -65.0
8.26 -60.0
8.26 -60.0
8.26 -60.0
8.26 -60.0
8.26 -62.0
8.26 -60.0
13.1 -64.0
13.1 -66.0
13.1 -64.0
13.1 -63.0
13.1 -70.0
13.1 -67.0
13.1 -63.0
13.1 -65.0
13.1 -65.0
13.1 -65.0
13.1 -62.0
13.1 -71.0
13.1 -67.0
13.1 -63.0
13.1 -67.0
13.1 -64.0
13.1 -64.0
14.15 -78.0
14.15 -77.0
14.15 -76.0
14.15 -76.0
14.15 -75.0
14.15 -75.0
14.15 -79.0
14.15 -80.0
14.15 -76.0
14.15 -75.0
14.15 -78.0
14.15 -75.0
14.15 -74.0
14.15 -74.0
14.15 -78.0
14.15 -79.0
14.15 -76.0
14.15 -77.0
4.06 -71.0
4.06 -70.0
4.06 -76.0
4.06 -71.0
4.06 -71.0
4.06 -73.0
4.06 -70.0
4.06 -71.0
4.06 -71.0
4.06 -71.0
4.06 -70.0
4.06 -72.0
4.06 -73.0
4.06 -72.0
4.06 -74.0
