16.64 -84.0
16.64 -85.0
16.64 -84.0
16.64 -84.0
16.64 -83.0
16.64 -86.0
16.64 -81.0
16.64 -85.0
16.64 -75.0
16.64 -85.0
16.64 -84.0
16.64 -82.0
16.64 -83.0
16.64 -74.0
16.64 -83.0
16.64 -76.0
16.64 -82.0
16.64 -91.0
16.64 -81.0
32.6 -85.0
32.6 -91.0
32.6 -91.0
32.6 -85.0
32.6 -90.0
32.6 -89.0
32.6 -91.0
32.6 -89.0
32.6 -90.0
32.6 -89.0
32.6 -90.0
32.6 -92.0
32.6 -92.0
32.6 -85.0
32.6 -88.0
32.6 -87.0
32.6 -88.0
32.6 -90.0
32.6 -90.0
6.86 -69.0
6.86 -68.0
6.86 -71.0
6.86 -70.0
6.86 -67.0
6.86 -69.0
6.86 -65.0
6.86 -69.0
6.86 -70.0
6.86 -69.0
6.86 -69.0
6.86 -64.0
6.86 -67.0
6.86 -72.0
6.86 -67.0
6.86 -71.0
6.86 -68.0
6.86 -68.0
6.86 -70.0
6.86 -66.0
7.38 -63.0
7.38 -65.0
7.38 -65.0
7.38 -61.0
7.38 -62.0
7.38 -60.0
7.38 -69.0
7.38 -60.0
7.38 -65.0
7.38 -65.0
7.38 -58.0
7.38 -60.0
7.38 -59.0
7.38 -66.0
7.38 -61.0
7.38 -63.0
7.38 -64.0
7.38 -60.0
7.38 -59.0
7.38 -57.0
7.38 -61.0
7.38 -59.0
7.38 -59.0
7.38 -62.0
20.91 -80.0
20.91 -82.0
20.91 -80.0
20.91 -80.0
20.91 -80.0
20.91 -81.0
20.91 -82.0
20.91 -81.0
20.91 -81.0
20.91 -81.0
20.91 -78.0
20.91 -79.0
20.91 -90.0
20.91 -81.0
20.91 -82.0
20.91 -80.0
20.91 -82.0
20.91 -81.0
23.93 -89.0
23.93 -90.0
23.93 -91.0
23.93 -91.0
23.93 -91.0
23.93 -86.0
23.93 -88.0
23.93 -90.0
23.93 -91.0
23.93 -92.0
23.93 -87.0
23.93 -86.0
23.93 -91.0
23.93 -88.0
23.93 -91.0
23.93 -86.0
23.93 -90.0
30.88 -93.0
30.88 -94.0
30.88 -92.0
9.98 -78.0
9.98 -78.0
9.98 -83.0
9.98 -77.0
9.98 -79.0
9.98 -82.0
9.98 -86.0
9.98 -83.0
9.98 -81.0
9.98 -81.0
9.98 -80.0
9.98 -93.0
9.98 -83.0
9.98 -85.0
9.98 -77.0
9.98 -83.0
9.98 -78.0
9.98 -77.0
9.98 -85.0
9.98 -79.0
9.98 -82.0
14.11 -81.0
14.11 -79.0
14.11 -85.0
14.11 -83.0
14.11 -78.0
14.11 -80.0
14.11 -78.0
14.11 -80.0
14.11 -76.0
14.11 -77.0
14.11 -73.0
14.11 -83.0
14.11 -77.0
14.11 -77.0
14.11 -84.0
14.11 -79.0
14.11 -77.0
14.11 -81.0
14.11 -80.0
14.11 -80.0
14.11 -80.0
14.11 -81.0
28.06 -91.0
28.06 -92.0
28.06 -92.0
28.06 -89.0
28.06 -93.0
28.06 -91.0
28.06 -90.0
28.06 -91.0
28.06 -91.0
28.06 -90.0
28.06 -92.0
28.06 -92.0
28.06 -90.0
28.06 -88.0
28.06 -90.0
28.06 -91.0
28.06 -91.0
8.88 -73.0
8.88 -64.0
8.88 -58.0
8.88 -59.0
8.88 -71.0
8.88 -65.0
8.88 -75.0
8.88 -71.0
8.88 -74.0
8.88 -63.0
8.88 -60.0
8.88 -63.0
8.88 -67.0
8.88 -65.0
8.88 -65.0
8.88 -69.0
8.88 -62.0
8.88 -61.0
8.88 -72.0
17.48 -85.0
17.48 -86.0
17.48 -85.0
17.48 -86.0
17.48 -84.0
17.48 -85.0
17.48 -85.0
17.48 -85.0
17.48 -85.0
17.48 -84.0
17.48 -86.0
17.48 -83.0
17.48 -86.0
17.48 -87.0
17.48 -86.0
17.48 -85.0
17.48 -86.0
17.48 -84.0
17.48 -90.0
17.48 -84.0
31.13 -91.0
31.13 -92.0
31.13 -93.0
31.13 -92.0
31.13 -94.0
31.13 -91.0
31.13 -91.0
31.13 -93.0
31.13 -92.0
31.13 -91.0
31.13 -93.0
31.13 -92.0
31.13 -91.0
31.13 -91.0
31.13 -91.0
31.13 -90.0
31.13 -91.0
31.13 -93.0
31.13 -90.0
31.13 -91.0
10.57 -70.0
10.57 -74.0
10.57 -74.0
10.57 -73.0
10.57 -70.0
10.57 -72.0
10.57 -75.0
10.57 -70.0
10.57 -72.0
10.57 -68.0
10.57 -70.0
10.57 -70.0
10.57 -70.0
10.57 -76.0
10.57 -70.0
10.57 -71.0
10.57 -74.0
10.57 -74.0
10.57 -71.0
10.57 -75.0
10.57 -71.0
10.57 -73.0
10.57 -72.0
19.48 -81.0
19.48 -86.0
19.48 -87.0
19.48 -88.0
19.48 -84.0
19.48 -86.0
19.48 -85.0
19.48 -83.0
19.48 -85.0
19.48 -86.0
19.48 -88.0
19.48 -88.0
19.48 -85.0
19.48 -88.0
19.48 -88.0
19.48 -85.0
19.48 -87.0
19.48 -87.0
19.48 -84.0
19.48 -81.0
19.48 -86.0
32.91 -90.0
32.91 -92.0
32.91 -95.0
32.91 -91.0
32.91 -91.0
32.91 -93.0
32.91 -93.0
32.91 -90.0
32.91 -91.0
32.91 -93.0
32.91 -91.0
32.91 -93.0
32.91 -93.0
32.91 -91.0
32.91 -91.0
8.81 -67.0
8.81 -71.0
8.81 -68.0
8.81 -70.0
8.81 -77.0
8.81 -69.0
8.81 -67.0
8.81 -68.0
8.81 -69.0
8.81 -68.0
8.81 -69.0
8.81 -69.0
8.81 -68.0
8.81 -68.0
8.81 -66.0
8.81 -69.0
8.81 -69.0
8.81 -68.0
8.81 -69.0
8.81 -69.0
8.81 -68.0
8.81 -68.0
21.38 -94.0
21.38 -93.0
21.38 -94.0
21.38 -91.0
21.38 -90.0
21.38 -91.0
21.38 -93.0
21.38 -90.0
21.38 -95.0
21.38 -89.0
21.38 -90.0
21.38 -91.0
21.38 -91.0
21.38 -93.0
21.38 -94.0
21.38 -91.0
21.38 -88.0
21.38 -92.0
21.38 -88.0
23.81 -93.0
23.81 -91.0
23.81 -89.0
23.81 -92.0
23.81 -93.0
26.67 -85.0
26.67 -86.0
26.67 -86.0
26.67 -85.0
26.67 -87.0
26.67 -89.0
26.67 -88.0
26.67 -86.0
26.67 -86.0
26.67 -85.0
26.67 -86.0
26.67 -86.0
26.67 -86.0
26.67 -86.0
26.67 -86.0
26.67 -86.0
26.67 -86.0
26.67 -86.0
26.67 -85.0
26.67 -87.0
26.67 -85.0
26.67 -87.0
26.67 -86.0
10.92 -75.0
10.92 -78.0
10.92 -76.0
10.92 -76.0
10.92 -75.0
10.92 -72.0
10.92 -83.0
10.92 -78.0
10.92 -75.0
10.92 -82.0
10.92 -70.0
10.92 -76.0
10.92 -76.0
10.92 -79.0
10.92 -77.0
10.92 -78.0
10.92 -78.0
10.92 -79.0
10.92 -80.0
12.53 -80.0
12.53 -78.0
12.53 -84.0
12.53 -76.0
12.53 -84.0
12.53 -83.0
12.53 -79.0
12.53 -81.0
12.53 -78.0
12.53 -82.0
12.53 -85.0
12.53 -81.0
12.53 -83.0
12.53 -86.0
12.53 -82.0
12.53 -82.0
12.53 -75.0
12.53 -84.0
12.53 -82.0
12.53 -77.0
12.53 -78.0
16.29 -75.0
16.29 -79.0
16.29 -76.0
16.29 -75.0
16.29 -74.0
16.29 -75.0
16.29 -75.0
16.29 -75.0
16.29 -75.0
16.29 -75.0
16.29 -76.0
16.29 -84.0
16.29 -75.0
16.29 -75.0
16.29 -74.0
16.29 -76.0
16.29 -74.0
16.29 -75.0
16.29 -72.0
16.29 -75.0
16.29 -75.0
16.29 -75.0
16.29 -74.0
30.86 -90.0
30.86 -94.0
30.86 -93.0
30.86 -90.0
30.86 -93.0
30.86 -93.0
30.86 -92.0
30.86 -92.0
30.86 -93.0
30.86 -92.0
30.86 -90.0
30.86 -93.0
30.86 -90.0
30.86 -92.0
30.86 -94.0
30.86 -94.0
30.86 -92.0
30.86 -92.0
30.86 -94.0
33.27 -94.0
33.27 -93.0
33.27 -93.0
10.38 -64.0
10.38 -68.0
10.38 -64.0
10.38 -64.0
10.38 -62.0
10.38 -89.0
10.38 -64.0
10.38 -64.0
10.38 -62.0
10.38 -65.0
10.38 -63.0
10.38 -61.0
10.38 -64.0
10.38 -60.0
10.38 -63.0
10.38 -58.0
10.38 -61.0
10.38 -62.0
10.38 -63.0
10.38 -59.0
10.38 -63.0
10.38 -59.0
10.38 -57.0
21.94 -90.0
21.94 -88.0
21.94 -84.0
21.94 -89.0
21.94 -90.0
21.94 -89.0
21.94 -91.0
21.94 -92.0
21.94 -92.0
21.94 -89.0
21.94 -88.0
21.94 -85.0
21.94 -89.0
21.94 -89.0
21.94 -90.0
21.94 -85.0
21.94 -92.0
21.94 -89.0
21.94 -92.0
21.94 -89.0
21.94 -89.0
21.94 -92.0
21.94 -90.0
19.97 -83.0
19.97 -84.0
19.97 -84.0
19.97 -83.0
19.97 -82.0
19.97 -81.0
19.97 -84.0
19.97 -81.0
19.97 -85.0
19.97 -85.0
19.97 -83.0
19.97 -83.0
19.97 -80.0
19.97 -79.0
19.97 -83.0
19.97 -83.0
19.97 -85.0
31.45 -89.0
31.45 -90.0
31.45 -88.0
31.45 -90.0
31.45 -90.0
31.45 -91.0
31.45 -89.0
31.45 -88.0
31.45 -88.0
31.45 -89.0
31.45 -88.0
31.45 -89.0
31.45 -88.0
31.45 -92.0
31.45 -91.0
31.45 -88.0
31.45 -90.0
31.45 -90.0
31.45 -89.0
31.45 -91.0
31.45 -90.0
11.99 -83.0
11.99 -84.0
11.99 -80.0
11.99 -79.0
11.99 -82.0
11.99 -86.0
11.99 -79.0
11.99 -82.0
11.99 -78.0
11.99 -77.0
11.99 -83.0
11.99 -80.0
11.99 -83.0
11.99 -80.0
11.99 -83.0
11.99 -79.0
11.99 -79.0
11.99 -79.0
11.54 -85.0
11.54 -79.0
11.54 -77.0
11.54 -80.0
11.54 -79.0
11.54 -77.0
11.54 -84.0
11.54 -79.0
11.54 -73.0
11.54 -80.0
11.54 -76.0
11.54 -78.0
11.54 -78.0
22.35 -91.0
22.35 -90.0
22.35 -88.0
22.35 -90.0
22.35 -90.0
22.35 -90.0
22.35 -89.0
22.35 -88.0
22.35 -90.0
22.35 -90.0
22.35 -87.0
22.35 -91.0
22.35 -91.0
22.35 -89.0
22.35 -90.0
22.35 -91.0
22.35 -85.0
22.35 -85.0
22.35 -91.0
22.35 -86.0
22.35 -90.0
22.35 -88.0
9.87 -82.0
9.87 -84.0
9.87 -78.0
9.87 -83.0
9.87 -78.0
9.87 -79.0
9.87 -82.0
9.87 -77.0
9.87 -77.0
9.87 -78.0
9.87 -80.0
9.87 -78.0
9.87 -80.0
9.87 -83.0
9.87 -81.0
9.87 -72.0
9.87 -74.0
9.87 -80.0
9.87 -80.0
9.87 -82.0
9.87 -84.0
9.87 -79.0
11.22 -75.0
11.22 -76.0
11.22 -73.0
11.22 -73.0
11.22 -72.0
11.22 -73.0
11.22 -86.0
11.22 -73.0
11.22 -74.0
11.22 -72.0
11.22 -74.0
11.22 -73.0
11.22 -73.0
11.22 -77.0
11.22 -74.0
11.22 -75.0
11.22 -78.0
11.22 -73.0
11.22 -73.0
11.22 -73.0
11.22 -78.0
11.22 -76.0
11.22 -74.0
24.22 -86.0
24.22 -87.0
24.22 -86.0
24.22 -91.0
24.22 -86.0
24.22 -86.0
24.22 -88.0
24.22 -87.0
24.22 -85.0
24.22 -87.0
24.22 -82.0
24.22 -90.0
24.22 -88.0
24.22 -87.0
24.22 -86.0
24.22 -86.0
24.22 -87.0
24.22 -89.0
24.22 -83.0
26.72 -91.0
26.72 -89.0
26.72 -90.0
26.72 -85.0
26.72 -89.0
26.72 -90.0
26.72 -87.0
26.72 -90.0
26.72 -89.0
26.72 -91.0
26.72 -90.0
26.72 -87.0
26.72 -90.0
26.72 -88.0
26.72 -90.0
26.72 -91.0
26.72 -90.0
26.72 -91.0
29.46 -91.0
29.46 -93.0
29.46 -90.0
29.46 -88.0
29.46 -92.0
29.46 -91.0
29.46 -94.0
29.46 -91.0
29.46 -89.0
29.46 -91.0
29.46 -91.0
29.46 -90.0
29.46 -91.0
29.46 -89.0
29.46 -92.0
29.46 -89.0
29.46 -91.0
29.46 -91.0
29.46 -88.5
29.46 -89.0
29.46 -91.0
29.46 -90.0
29.46 -90.0
29.46 -90.0
29.46 -90.0
31.83 -92.0
31.83 -93.0
31.83 -93.0
31.83 -92.0
31.83 -92.0
31.83 -92.0
31.83 -92.0
31.83 -91.0
31.83 -91.0
31.83 -92.0
31.83 -92.0
31.83 -92.0
31.83 -93.0
13.3 -79.0
13.3 -83.0
13.3 -78.0
13.3 -78.0
13.3 -79.0
13.3 -79.0
13.3 -78.0
13.3 -77.0
13.3 -77.0
13.3 -78.0
13.3 -77.0
13.3 -75.0
13.3 -74.0
13.3 -76.0
13.3 -73.0
13.3 -73.0
13.3 -75.0
13.3 -77.0
13.3 -74.0
13.3 -74.0
13.3 -79.0
15.24 -75.0
15.24 -80.0
15.24 -79.0
15.24 -79.0
15.24 -79.0
15.24 -80.0
15.24 -78.0
15.24 -82.0
15.24 -75.0
15.24 -78.0
15.24 -81.0
15.24 -82.0
15.24 -80.0
15.24 -77.0
15.24 -84.0
15.24 -82.0
15.24 -79.0
15.24 -80.0
15.24 -81.0
15.24 -79.0
15.24 -78.0
15.24 -75.0
15.24 -80.0
18.7 -79.0
18.7 -83.0
18.7 -80.0
18.7 -80.0
18.7 -82.0
18.7 -81.0
18.7 -83.0
18.7 -80.0
18.7 -83.0
18.7 -81.0
18.7 -87.0
18.7 -81.0
18.7 -80.0
18.7 -80.0
18.7 -81.0
18.7 -85.0
18.7 -82.0
18.7 -80.0
18.7 -80.0
18.7 -81.0
18.7 -81.0
18.7 -82.0
6.22 -71.0
6.22 -70.0
6.22 -72.0
6.22 -71.0
6.22 -74.0
6.22 -72.0
6.22 -70.0
6.22 -73.0
6.22 -71.0
6.22 -69.0
6.22 -68.0
6.22 -73.0
6.22 -72.0
6.22 -70.0
6.22 -70.0
6.22 -72.0
6.22 -72.0
6.22 -72.0
6.22 -70.0
6.22 -73.0
6.22 -69.0
6.22 -71.0
6.22 -73.0
6.22 -74.0
33.7 -94.0
33.7 -94.0
33.7 -94.0
33.7 -91.0
33.7 -93.0
33.7 -91.0
11.03 -71.0
11.03 -69.0
11.03 -70.0
11.03 -71.0
11.03 -71.0
11.03 -70.0
11.03 -70.0
11.03 -70.0
11.03 -72.0
11.03 -71.0
11.03 -69.0
11.03 -70.0
11.03 -73.0
11.03 -73.0
11.03 -72.0
11.03 -73.0
11.03 -72.0
11.03 -71.0
11.03 -74.0
11.03 -72.0
10.96 -70.0
10.96 -69.0
10.96 -71.0
10.96 -71.0
10.96 -70.0
10.96 -69.0
10.96 -70.0
10.96 -69.0
10.96 -79.0
10.96 -70.0
10.96 -72.0
10.96 -68.0
10.96 -77.0
10.96 -69.0
10.96 -70.0
10.96 -69.0
10.96 -69.0
10.96 -70.0
10.96 -69.0
10.96 -70.0
10.96 -70.0
10.96 -71.0
24.72 -85.0
24.72 -85.0
24.72 -86.0
24.72 -88.0
24.72 -87.0
24.72 -84.0
24.72 -86.0
24.72 -86.0
24.72 -87.0
24.72 -87.0
24.72 -89.0
24.72 -86.0
24.72 -87.0
24.72 -85.0
24.72 -88.0
24.72 -88.0
24.72 -85.0
22.59 -85.0
22.59 -88.0
22.59 -89.0
22.59 -90.0
22.59 -88.0
22.59 -90.0
22.59 -89.0
22.59 -89.0
22.59 -89.0
22.59 -89.0
22.59 -90.0
22.59 -88.0
22.59 -89.0
22.59 -89.0
22.59 -88.0
14.18 -77.0
14.18 -77.0
14.18 -78.0
14.18 -83.0
14.18 -75.0
14.18 -77.0
14.18 -78.0
14.18 -75.0
14.18 -75.0
14.18 -77.0
14.18 -73.0
14.18 -72.0
14.18 -73.0
14.18 -77.0
14.18 -76.0
14.18 -75.0
14.18 -78.0
14.18 -80.0
14.18 -76.0
14.18 -76.0
14.18 -71.0
13.13 -79.0
13.13 -80.0
13.13 -80.0
13.13 -76.0
13.13 -78.0
13.13 -74.0
13.13 -75.0
13.13 -81.0
13.13 -74.0
13.13 -81.0
13.13 -81.0
13.13 -83.0
13.13 -78.0
13.13 -81.0
13.13 -75.0
13.13 -75.0
13.13 -79.0
13.13 -79.0
13.13 -79.0
13.13 -81.0
22.79 -84.0
22.79 -85.0
22.79 -92.0
22.79 -84.0
22.79 -87.0
22.79 -83.0
22.79 -84.0
22.79 -87.0
22.79 -88.0
22.79 -85.0
22.79 -84.0
22.79 -84.0
22.79 -84.0
22.79 -87.0
22.79 -86.0
22.79 -84.0
22.79 -88.0
25.26 -89.0
25.26 -90.0
25.26 -89.0
25.26 -88.0
25.26 -88.0
25.26 -90.0
25.26 -85.0
25.26 -90.0
25.26 -88.0
25.26 -89.0
25.26 -88.0
25.26 -88.0
25.26 -89.0
25.26 -89.0
25.26 -89.0
25.26 -88.0
25.26 -87.0
25.26 -89.0
25.26 -90.0
25.26 -88.0
12.08 -74.0
12.08 -76.0
12.08 -75.0
12.08 -72.0
12.08 -75.0
12.08 -75.0
12.08 -74.0
12.08 -73.0
12.08 -72.0
12.08 -73.0
12.08 -73.0
12.08 -75.0
12.08 -76.0
12.08 -77.0
12.08 -77.0
12.08 -75.0
12.08 -75.0
12.08 -76.0
12.08 -73.0
12.08 -75.0
12.08 -77.0
12.08 -78.0
12.08 -74.0
13.87 -82.0
13.87 -83.0
13.87 -86.0
13.87 -81.0
13.87 -81.0
13.87 -76.0
13.87 -83.0
13.87 -81.0
13.87 -80.0
13.87 -79.0
13.87 -78.0
13.87 -76.0
13.87 -87.0
13.87 -85.0
13.87 -79.0
13.87 -82.0
13.87 -80.0
13.87 -82.0
13.87 -82.0
13.87 -81.0
29.66 -90.0
29.66 -92.0
29.66 -90.0
29.66 -91.0
29.66 -90.0
29.66 -91.0
29.66 -90.0
29.66 -91.0
29.66 -89.0
29.66 -88.0
29.66 -87.0
29.66 -88.0
29.66 -89.0
29.66 -91.0
29.66 -89.0
29.66 -92.0
29.66 -88.0
29.66 -91.0
29.66 -87.0
29.66 -88.0
5.89 -64.0
5.89 -62.0
5.89 -63.0
5.89 -63.0
5.89 -63.0
5.89 -66.0
5.89 -65.0
5.89 -62.0
5.89 -65.0
5.89 -66.0
5.89 -61.0
5.89 -64.0
5.89 -63.0
5.89 -62.0
5.89 -66.0
5.89 -63.0
5.89 -68.0
5.89 -62.0
5.89 -61.0
5.89 -62.0
5.89 -61.0
5.89 -64.0
5.89 -70.0
32.28 -93.0
32.28 -93.0
32.28 -92.0
32.28 -90.0
32.28 -92.0
32.28 -93.0
32.28 -92.0
32.28 -91.0
32.28 -93.0
32.28 -93.0
32.28 -93.0
32.28 -94.0
32.28 -92.0
32.28 -92.0
32.28 -94.0
32.28 -91.0
32.28 -94.5
32.28 -92.0
32.28 -92.0
32.28 -91.0
18.05 -86.0
18.05 -84.0
18.05 -86.0
18.05 -82.0
18.05 -85.0
18.05 -83.0
18.05 -81.0
18.05 -84.0
18.05 -82.0
18.05 -86.0
18.05 -82.0
18.05 -81.0
18.05 -86.0
18.05 -86.0
18.05 -81.0
18.05 -83.0
18.05 -86.0
18.05 -86.0
18.05 -85.0
23.32 -87.0
23.32 -90.0
23.32 -90.0
23.32 -87.0
23.32 -89.0
23.32 -90.0
23.32 -89.0
23.32 -89.0
23.32 -85.0
23.32 -89.0
23.32 -92.0
23.32 -92.0
23.32 -90.0
23.32 -90.0
23.32 -92.0
23.32 -86.0
23.32 -90.0
23.32 -88.0
23.32 -91.0
21.27 -81.0
21.27 -81.0
21.27 -84.0
21.27 -81.0
21.27 -81.0
21.27 -84.0
21.27 -82.0
21.27 -81.0
21.27 -82.0
21.27 -82.0
21.27 -82.0
21.27 -82.0
21.27 -81.0
21.27 -81.0
21.27 -82.0
21.27 -81.0
21.27 -81.0
21.27 -81.0
21.27 -83.0
21.27 -82.0
30.71 -93.0
7.75 -75.0
7.75 -78.0
7.75 -74.0
7.75 -76.0
7.75 -73.0
7.75 -76.0
7.75 -81.0
7.75 -75.0
7.75 -76.0
7.75 -75.0
7.75 -72.0
7.75 -75.0
7.75 -70.0
7.75 -76.0
7.75 -70.0
7.75 -74.0
7.75 -77.0
13.04 -73.0
13.04 -74.0
13.04 -75.0
13.04 -73.0
13.04 -80.0
13.04 -77.0
13.04 -75.0
13.04 -81.0
13.04 -74.0
13.04 -74.0
13.04 -75.0
13.04 -75.0
13.04 -81.0
13.04 -73.0
13.04 -75.0
13.04 -76.0
13.04 -75.0
13.04 -74.0
13.04 -76.0
13.04 -74.0
13.04 -76.0
13.04 -71.0
13.04 -75.0
13.04 -74.0
12.27 -79.0
12.27 -82.0
12.27 -80.0
12.27 -84.0
12.27 -79.0
12.27 -84.0
12.27 -79.0
12.27 -82.0
12.27 -81.0
12.27 -81.0
12.27 -85.0
12.27 -78.0
12.27 -83.0
25.29 -90.0
25.29 -90.0
25.29 -91.0
25.29 -90.0
25.29 -90.0
25.29 -92.0
25.29 -91.0
25.29 -88.0
25.29 -90.0
25.29 -89.0
25.29 -93.0
25.29 -89.0
25.29 -93.0
25.29 -89.0
25.29 -92.0
25.29 -90.0
25.29 -90.0
25.29 -90.0
25.29 -91.0
32.79 -94.0
15.16 -84.0
15.16 -77.0
15.16 -77.0
15.16 -76.0
15.16 -73.0
15.16 -76.0
15.16 -76.0
15.16 -76.0
15.16 -77.0
15.16 -74.0
15.16 -75.0
15.16 -77.0
15.16 -72.0
15.16 -77.0
15.16 -75.0
15.16 -76.0
15.16 -77.0
15.16 -75.0
15.16 -73.0
15.16 -76.0
15.16 -77.0
28.19 -87.0
28.19 -91.0
28.19 -90.0
28.19 -88.0
28.19 -90.0
28.19 -90.0
28.19 -89.0
28.19 -86.0
28.19 -91.0
28.19 -87.0
28.19 -91.0
28.19 -90.0
28.19 -89.0
28.19 -89.0
28.19 -90.0
28.19 -88.0
28.19 -89.0
28.19 -90.0
28.19 -91.0
28.19 -85.0
28.19 -90.0
28.19 -89.0
34.74 -91.0
34.74 -91.0
34.74 -90.0
34.74 -92.0
34.74 -93.0
34.74 -92.0
34.74 -90.0
34.74 -93.0
34.74 -92.0
34.74 -93.0
