11.3 -67.0
11.3 -65.0
11.3 -71.0
11.3 -68.0
11.3 -66.0
11.3 -68.0
11.3 -67.0
11.3 -68.0
11.3 -69.0
11.3 -65.0
11.3 -69.0
11.3 -69.0
11.3 -68.0
11.3 -66.0
11.3 -67.0
11.3 -67.0
11.3 -64.0
11.3 -64.0
11.3 -78.0
11.3 -72.0
11.3 -76.0
11.3 -69.0
12.41 -83.0
12.41 -83.0
12.41 -86.0
12.41 -82.0
12.41 -88.0
12.41 -83.0
12.41 -89.0
12.41 -83.0
12.41 -83.0
12.41 -87.0
12.41 -83.0
12.41 -84.0
12.41 -88.0
12.41 -82.0
12.41 -83.0
12.41 -83.0
12.41 -87.0
12.41 -84.0
12.41 -83.0
12.41 -83.0
16.7 -73.0
16.7 -76.0
16.7 -76.0
16.7 -77.0
16.7 -78.0
16.7 -75.5
16.7 -76.0
16.7 -77.0
16.7 -81.0
16.7 -77.0
16.7 -75.0
16.7 -82.0
16.7 -77.0
16.7 -73.0
16.7 -77.0
16.7 -76.0
16.7 -78.0
16.7 -82.0
16.7 -75.0
16.7 -78.0
16.7 -86.0
18.97 -71.0
18.97 -79.0
18.97 -78.0
18.97 -80.0
18.97 -75.0
18.97 -80.0
18.97 -73.0
18.97 -75.0
18.97 -73.0
18.97 -78.0
18.97 -78.0
18.97 -78.0
18.97 -74.0
18.97 -79.0
18.97 -78.0
18.97 -77.0
18.97 -78.0
18.97 -77.0
18.97 -78.0
20.81 -85.0
20.81 -77.0
20.81 -78.0
20.81 -81.0
20.81 -81.0
20.81 -78.0
20.81 -80.0
20.81 -78.0
20.81 -80.0
20.81 -80.0
20.81 -79.0
20.81 -81.0
20.81 -80.0
20.81 -78.0
20.81 -76.5
20.81 -80.0
20.81 -80.0
19.04 -87.0
19.04 -87.0
19.04 -85.0
19.04 -89.0
19.04 -89.0
19.04 -89.0
19.04 -88.0
19.04 -88.0
19.04 -85.0
19.04 -87.0
19.04 -88.0
19.04 -87.0
10.72 -57.0
10.72 -56.0
10.72 -59.0
10.72 -91.0
10.72 -66.0
10.72 -55.0
10.72 -55.0
10.72 -57.0
10.72 -62.0
10.72 -57.0
10.72 -58.0
10.72 -56.0
10.72 -61.0
10.72 -66.0
10.72 -57.0
10.72 -63.0
10.72 -57.0
6.62 -56.0
6.62 -53.0
6.62 -55.0
6.62 -54.0
6.62 -54.0
6.62 -55.0
6.62 -53.0
6.62 -58.0
6.62 -55.0
6.62 -55.0
16.64 -77.0
16.64 -76.0
16.64 -76.0
16.64 -76.0
16.64 -76.0
16.64 -76.0
16.64 -76.0
16.64 -77.0
16.64 -76.0
16.64 -75.0
16.64 -77.0
16.64 -77.0
16.64 -77.0
16.64 -74.0
16.64 -83.0
16.64 -75.0
16.64 -75.0
18.06 -90.0
18.06 -89.0
18.06 -89.0
18.06 -90.0
18.06 -88.5
18.06 -91.0
18.06 -88.0
18.06 -91.0
18.06 -91.5
15.46 -70.0
15.46 -73.0
15.46 -77.0
15.46 -71.0
15.46 -68.0
15.46 -71.0
15.46 -76.0
15.46 -77.0
15.46 -75.0
15.46 -71.0
15.46 -71.0
15.46 -72.0
15.46 -77.0
15.46 -71.0
11.48 -66.0
11.48 -70.0
11.48 -71.0
11.48 -65.0
11.48 -71.0
11.48 -70.0
11.48 -70.0
11.48 -68.0
11.48 -67.0
11.48 -62.0
11.48 -70.0
11.48 -66.0
11.48 -67.0
17.77 -91.0
17.77 -90.0
17.77 -89.0
17.77 -88.0
9.22 -76.0
9.22 -65.0
9.22 -64.0
9.22 -67.0
9.22 -66.0
9.22 -66.0
9.22 -66.0
9.22 -63.0
9.22 -74.0
9.22 -67.0
9.22 -66.0
9.22 -64.0
9.22 -66.0
9.22 -67.0
9.22 -74.0
9.22 -64.0
9.22 -66.0
20.19 -84.0
20.19 -83.0
20.19 -83.0
20.19 -82.0
20.19 -77.0
20.19 -81.0
20.19 -83.0
20.19 -85.0
20.19 -82.0
20.19 -80.0
20.19 -75.0
20.19 -81.0
20.19 -81.0
20.19 -82.0
11.77 -78.0
11.77 -80.0
11.77 -82.0
11.77 -82.0
11.77 -80.0
11.77 -82.0
11.77 -81.0
11.77 -75.0
11.77 -81.0
11.77 -81.0
11.77 -78.0
11.77 -77.0
11.77 -79.0
11.77 -79.0
11.77 -79.0
11.77 -78.0
8.06 -65.0
8.06 -65.0
8.06 -67.0
8.06 -67.0
8.06 -69.0
8.06 -66.0
8.06 -64.0
8.06 -66.0
8.06 -67.0
8.06 -67.0
8.06 -65.0
8.06 -62.0
8.06 -67.0
8.06 -65.0
14.41 -89.0
14.41 -88.0
14.41 -86.0
14.41 -90.0
14.41 -88.0
14.41 -91.0
14.41 -87.0
14.41 -85.0
14.41 -90.0
14.41 -88.0
14.41 -86.0
14.41 -88.0
14.41 -88.0
14.41 -88.0
14.41 -87.0
14.41 -86.0
14.41 -86.0
14.41 -87.0
15.58 -74.0
15.58 -75.0
15.58 -75.0
15.58 -75.0
15.58 -74.0
15.58 -75.0
15.58 -77.0
15.58 -75.0
15.58 -75.0
15.58 -74.0
15.58 -75.0
15.58 -73.0
15.58 -74.0
18.25 -76.0
18.25 -72.0
18.25 -82.0
18.25 -76.0
18.25 -76.0
18.25 -83.0
18.25 -72.0
18.25 -77.0
18.25 -78.0
18.25 -76.0
18.25 -77.0
18.25 -80.0
18.25 -77.0
18.25 -80.0
18.25 -78.0
18.25 -77.0
18.25 -72.0
18.25 -77.0
12.87 -82.0
12.87 -79.0
12.87 -88.0
12.87 -82.0
12.87 -80.0
12.87 -83.0
12.87 -81.0
12.87 -79.0
12.87 -78.0
12.87 -83.0
12.87 -80.0
12.87 -78.0
12.87 -85.0
12.87 -83.0
10.71 -57.0
10.71 -64.0
10.71 -63.0
10.71 -58.0
10.71 -73.0
10.71 -61.0
10.71 -58.0
10.71 -61.0
10.71 -59.0
10.71 -58.0
10.71 -62.0
10.71 -66.0
10.71 -58.0
10.71 -74.0
10.71 -60.0
10.71 -57.0
13.09 -90.0
13.09 -88.0
13.09 -89.0
13.09 -88.0
13.09 -91.0
13.09 -89.0
13.09 -89.0
13.09 -91.0
13.09 -87.0
13.09 -88.0
13.09 -88.0
13.09 -88.0
13.09 -84.0
15.78 -75.0
15.78 -78.0
15.78 -76.0
15.78 -78.0
15.78 -80.0
15.78 -75.0
15.78 -76.0
15.78 -77.0
15.78 -77.0
15.78 -75.0
15.78 -80.0
15.78 -77.0
15.78 -73.0
15.78 -76.0
15.78 -80.0
15.78 -78.0
16.57 -75.0
16.57 -76.0
16.57 -76.0
16.57 -76.0
16.57 -77.0
16.57 -71.0
16.57 -73.0
16.57 -76.0
16.57 -78.0
16.57 -74.0
16.57 -69.0
16.57 -81.0
16.57 -73.0
16.57 -76.0
16.57 -75.0
16.57 -74.0
16.57 -75.0
20.17 -89.0
20.17 -87.0
20.17 -85.0
20.17 -87.0
20.17 -91.0
20.17 -86.0
20.17 -91.0
20.17 -85.0
20.17 -91.0
20.17 -86.0
20.17 -87.0
20.17 -88.0
20.17 -87.0
20.17 -84.0
20.17 -92.0
11.37 -84.0
11.37 -85.5
11.37 -83.0
11.37 -84.0
11.37 -84.0
11.37 -84.0
11.37 -85.0
11.37 -85.0
11.37 -83.0
11.37 -84.0
11.37 -84.0
11.37 -84.0
9.23 -60.0
9.23 -57.0
9.23 -76.0
9.23 -59.0
9.23 -58.0
9.23 -78.0
9.23 -62.0
9.23 -64.0
9.23 -58.0
9.23 -74.0
9.23 -73.0
9.23 -71.0
9.23 -74.0
9.23 -59.0
9.23 -55.0
9.23 -78.0
9.23 -63.0
11.36 -63.0
11.36 -64.0
11.36 -56.0
11.36 -62.0
11.36 -56.0
11.36 -62.0
11.36 -57.0
11.36 -56.0
11.36 -60.0
11.36 -57.0
11.36 -62.0
11.36 -63.0
11.36 -57.0
11.36 -61.0
11.36 -55.0
11.36 -57.0
11.36 -57.0
11.36 -63.0
15.15 -92.0
15.15 -88.5
15.15 -90.0
15.15 -91.0
15.15 -92.0
15.15 -90.5
15.15 -89.0
8.17 -73.0
8.17 -60.0
8.17 -58.0
8.17 -62.0
8.17 -58.0
8.17 -60.0
8.17 -71.0
8.17 -69.0
8.17 -58.0
8.17 -59.0
8.17 -85.0
8.17 -58.0
8.17 -70.0
8.17 -57.0
8.17 -58.0
8.17 -70.0
19.25 -90.66666666666667
14.46 -72.0
14.46 -66.0
14.46 -79.0
14.46 -69.0
14.46 -69.0
14.46 -70.0
14.46 -69.0
14.46 -69.0
14.46 -74.0
14.46 -67.0
14.46 -68.0
14.46 -72.0
14.46 -68.0
14.46 -69.0
14.46 -63.0
13.45 -78.0
13.45 -72.0
13.45 -73.0
13.45 -72.0
13.45 -71.0
13.45 -71.0
13.45 -75.0
13.45 -72.0
13.45 -73.0
13.45 -76.0
13.45 -72.0
13.45 -69.0
13.45 -72.0
13.45 -71.0
13.45 -76.0
13.45 -71.0
9.1 -71.0
9.1 -70.0
9.1 -72.0
9.1 -69.0
9.1 -74.0
9.1 -70.0
9.1 -66.0
9.1 -68.0
9.1 -68.0
9.1 -71.0
9.1 -69.0
9.1 -69.0
9.1 -70.0
9.1 -68.0
13.91 -88.0
13.91 -83.0
13.91 -88.0
13.91 -90.0
13.91 -89.0
13.91 -89.0
13.91 -85.0
13.91 -89.5
13.91 -86.0
13.91 -90.0
13.91 -89.0
13.91 -89.0
11.62 -74.0
11.62 -81.0
11.62 -72.0
11.62 -77.0
11.62 -79.0
11.62 -79.0
11.62 -81.0
11.62 -80.0
11.62 -73.0
11.62 -72.0
11.62 -78.0
11.62 -77.0
11.62 -77.0
11.62 -75.0
11.62 -72.0
11.62 -75.0
11.62 -74.0
11.62 -73.0
11.62 -80.0
11.62 -74.0
14.96 -76.0
14.96 -76.0
14.96 -82.0
14.96 -74.0
14.96 -80.0
14.96 -79.0
14.96 -78.0
14.96 -73.0
14.96 -80.0
14.96 -77.0
14.96 -78.0
14.96 -80.0
14.96 -84.0
14.96 -77.0
14.96 -78.0
14.96 -79.0
14.96 -83.0
19.67 -75.0
19.67 -77.0
19.67 -77.0
19.67 -74.0
19.67 -72.0
19.67 -77.0
19.67 -71.0
19.67 -79.0
19.67 -80.0
19.67 -72.0
19.67 -75.0
19.67 -72.0
19.67 -71.0
19.67 -80.0
19.67 -70.0
19.67 -71.0
19.67 -72.0
19.67 -73.0
19.67 -72.0
7.73 -68.0
7.73 -69.0
7.73 -73.0
7.73 -53.0
7.73 -83.0
7.73 -70.0
7.73 -56.0
7.73 -85.0
7.73 -55.0
7.73 -71.0
7.73 -55.0
7.73 -73.0
7.73 -69.0
7.73 -73.0
7.73 -67.0
7.73 -70.0
7.73 -55.0
7.73 -67.0
7.73 -54.0
7.73 -54.0
7.73 -55.0
7.73 -74.0
7.73 -74.0
6.56 -63.0
6.56 -68.0
6.56 -61.0
6.56 -63.0
6.56 -65.0
6.56 -61.0
6.56 -58.0
6.56 -61.0
6.56 -65.0
6.56 -63.0
6.56 -64.0
6.56 -60.0
6.56 -62.0
14.59 -75.0
14.59 -76.0
14.59 -84.0
14.59 -77.0
14.59 -78.0
14.59 -78.0
14.59 -79.0
14.59 -78.0
14.59 -80.0
14.59 -80.0
14.59 -76.0
14.59 -78.0
14.59 -77.0
14.59 -78.0
14.59 -75.0
14.59 -76.0
14.59 -79.0
14.59 -76.0
13.56 -72.0
13.56 -71.0
13.56 -70.0
13.56 -70.0
13.56 -65.0
13.56 -70.0
13.56 -69.0
13.56 -68.0
13.56 -70.0
13.56 -68.0
13.56 -70.0
13.56 -70.0
13.56 -70.0
13.56 -66.0
13.56 -71.0
13.56 -72.0
13.56 -68.0
13.56 -71.0
15.46 -72.0
15.46 -68.0
15.46 -74.0
15.46 -77.0
15.46 -76.0
15.46 -71.0
15.46 -75.0
15.46 -75.0
15.46 -70.0
15.46 -81.0
15.46 -68.0
15.46 -71.0
15.46 -71.0
15.46 -69.0
15.46 -71.0
15.46 -74.0
15.46 -72.0
15.46 -72.0
12.85 -87.0
12.85 -87.0
12.85 -86.0
12.85 -89.0
12.85 -88.0
12.85 -87.0
12.85 -87.0
12.85 -87.0
12.85 -84.0
12.85 -87.0
12.85 -86.0
12.85 -86.0
12.85 -90.0
12.85 -87.0
10.94 -53.0
10.94 -53.0
10.94 -53.0
10.94 -60.0
10.94 -56.0
10.94 -57.0
10.94 -52.0
10.94 -54.0
10.94 -53.0
10.94 -56.0
10.94 -54.0
10.94 -53.0
10.94 -53.0
10.94 -53.0
10.94 -53.0
10.94 -57.0
10.94 -62.0
10.94 -56.0
10.94 -55.0
15.65 -73.0
15.65 -73.0
15.65 -75.0
15.65 -72.0
15.65 -76.0
15.65 -75.0
15.65 -75.0
15.65 -73.0
15.65 -75.0
15.65 -75.0
15.65 -74.0
15.65 -73.0
15.65 -76.0
14.41 -77.0
14.41 -72.0
14.41 -73.0
14.41 -74.0
14.41 -77.0
14.41 -70.0
14.41 -79.0
14.41 -71.0
14.41 -72.0
14.41 -75.0
14.41 -74.0
14.41 -72.0
14.41 -78.0
14.41 -71.0
14.41 -76.0
14.41 -71.0
14.41 -73.0
14.41 -75.0
14.41 -71.0
11.35 -86.0
11.35 -89.0
11.35 -86.0
11.35 -86.0
11.35 -84.0
11.35 -84.0
11.35 -84.0
11.35 -87.0
11.35 -85.0
11.35 -90.0
11.35 -85.0
11.35 -83.0
11.35 -85.0
11.35 -85.0
11.35 -87.0
11.35 -84.0
11.35 -85.0
9.96 -55.0
9.96 -55.0
9.96 -75.0
9.96 -70.0
9.96 -55.0
9.96 -53.0
9.96 -61.0
9.96 -62.0
9.96 -55.0
9.96 -54.0
9.96 -85.0
9.96 -54.0
9.96 -54.0
9.96 -71.0
9.96 -62.0
9.96 -60.0
9.96 -72.0
12.69 -77.0
12.69 -80.0
12.69 -78.0
12.69 -75.0
12.69 -71.0
12.69 -68.0
12.69 -82.0
12.69 -69.0
12.69 -69.0
12.69 -72.0
12.69 -75.0
12.69 -73.0
12.69 -70.0
12.69 -72.0
12.69 -72.0
12.69 -78.0
12.69 -68.0
12.69 -80.0
19.89 -82.0
19.89 -84.0
19.89 -82.0
19.89 -81.0
19.89 -77.0
19.89 -78.0
19.89 -77.0
19.89 -76.0
19.89 -80.0
19.89 -81.0
19.89 -86.0
19.89 -82.0
19.89 -81.0
19.89 -84.0
19.89 -74.0
19.89 -78.0
19.89 -83.0
19.89 -77.0
19.89 -83.0
19.89 -82.0
16.0 -89.0
16.0 -86.0
16.0 -84.0
16.0 -89.0
16.0 -80.0
16.0 -84.0
16.0 -86.5
16.0 -86.0
16.0 -84.0
16.0 -84.0
16.0 -89.0
16.0 -84.0
16.0 -90.0
16.0 -84.0
16.0 -88.25
16.0 -83.0
16.0 -84.0
16.0 -85.0
16.0 -86.0
10.38 -80.0
10.38 -69.0
10.38 -72.0
10.38 -71.0
10.38 -70.0
10.38 -78.0
10.38 -68.0
10.38 -78.0
10.38 -76.0
10.38 -78.0
10.38 -70.0
10.38 -68.0
10.38 -70.0
10.38 -69.0
10.38 -68.0
10.38 -68.0
13.7 -75.0
13.7 -77.0
13.7 -75.0
13.7 -75.0
13.7 -77.0
13.7 -83.0
13.7 -76.0
13.7 -76.0
13.7 -75.0
13.7 -81.0
13.7 -75.0
13.7 -76.0
12.29 -72.0
12.29 -73.0
12.29 -69.0
12.29 -75.0
12.29 -72.0
12.29 -71.0
12.29 -72.0
12.29 -76.0
12.29 -73.0
12.29 -70.0
12.29 -70.0
12.29 -71.0
12.29 -72.0
12.29 -72.0
12.29 -72.0
12.29 -75.0
12.29 -69.0
12.29 -79.0
11.87 -72.0
11.87 -73.0
11.87 -67.0
11.87 -71.0
11.87 -70.0
11.87 -69.0
11.87 -73.0
11.87 -74.0
11.87 -66.0
11.87 -70.0
11.87 -70.0
11.87 -69.0
11.87 -72.0
11.87 -68.0
11.87 -69.0
11.87 -72.0
13.0 -85.0
13.0 -86.0
13.0 -83.0
13.0 -85.0
13.0 -86.0
13.0 -83.0
13.0 -83.0
13.0 -86.0
13.0 -84.0
13.0 -83.5
13.0 -84.0
13.0 -84.0
13.0 -84.0
13.0 -83.0
13.0 -84.0
13.0 -85.0
13.0 -84.0
13.0 -84.0
13.0 -87.0
13.0 -83.0
7.19 -61.0
7.19 -60.0
7.19 -68.0
7.19 -66.0
7.19 -64.0
7.19 -68.0
7.19 -67.0
7.19 -68.0
7.19 -62.0
7.19 -69.0
7.19 -69.0
7.19 -62.0
7.19 -65.0
7.19 -71.0
14.83 -83.0
14.83 -82.0
14.83 -81.0
14.83 -83.0
14.83 -83.0
14.83 -82.0
14.83 -82.0
14.83 -82.0
14.83 -82.0
14.83 -83.0
14.83 -83.0
14.83 -83.0
14.83 -81.0
20.22 -79.0
20.22 -75.0
20.22 -79.0
20.22 -78.0
20.22 -77.0
20.22 -79.0
20.22 -78.0
20.22 -74.0
20.22 -79.0
20.22 -78.0
20.22 -79.0
20.22 -74.0
20.22 -80.0
20.22 -81.0
20.22 -78.0
20.22 -76.0
14.25 -73.0
14.25 -79.0
14.25 -79.0
14.25 -77.0
14.25 -79.0
14.25 -81.0
14.25 -77.0
14.25 -78.0
14.25 -80.0
14.25 -82.0
14.25 -79.0
14.25 -86.0
14.25 -76.0
14.25 -81.0
14.25 -79.0
14.82 -75.0
14.82 -75.0
14.82 -76.0
14.82 -74.0
14.82 -73.0
14.82 -73.0
14.82 -72.0
14.82 -79.0
14.82 -72.0
14.82 -76.0
14.82 -74.0
14.82 -73.0
14.82 -74.0
14.82 -76.0
14.82 -71.0
16.85 -76.0
16.85 -77.0
16.85 -77.0
16.85 -77.0
16.85 -77.0
16.85 -74.0
16.85 -76.0
16.85 -76.0
16.85 -80.0
16.85 -77.0
16.85 -75.0
16.85 -76.0
16.85 -77.0
16.85 -77.0
16.85 -79.0
16.85 -79.0
11.52 -85.0
11.52 -87.0
11.52 -84.0
11.52 -89.0
11.52 -89.0
11.52 -86.0
11.52 -83.33333333333333
11.52 -87.0
11.52 -93.0
11.52 -84.0
11.52 -85.0
8.59 -53.0
8.59 -57.0
8.59 -57.0
8.59 -66.0
8.59 -68.0
8.59 -51.0
8.59 -62.0
8.59 -54.0
8.59 -67.0
8.59 -58.0
8.59 -58.0
8.59 -51.0
8.59 -60.0
8.59 -59.0
8.59 -58.0
8.59 -55.0
8.59 -71.0
8.59 -77.0
8.59 -53.0
8.59 -60.0
6.25 -54.0
6.25 -54.0
6.25 -66.0
6.25 -53.0
6.25 -74.0
6.25 -53.0
6.25 -52.0
6.25 -54.0
6.25 -53.0
6.25 -51.0
6.25 -53.0
6.25 -50.0
6.25 -54.0
6.25 -51.0
6.25 -53.0
6.25 -54.0
18.76 -83.0
18.76 -82.0
18.76 -73.0
18.76 -72.0
18.76 -75.5
18.76 -79.0
18.76 -81.0
18.76 -82.0
18.76 -75.0
18.76 -74.0
18.76 -76.0
18.76 -72.0
18.76 -82.0
18.76 -74.0
18.76 -72.0
18.76 -75.0
18.76 -70.0
16.94 -84.0
16.94 -87.0
16.94 -88.0
16.94 -89.0
16.94 -86.0
16.94 -88.0
16.94 -88.0
16.94 -84.0
16.94 -87.0
16.94 -87.0
16.94 -85.0
16.94 -84.0
16.94 -87.0
16.94 -88.5
16.94 -88.0
16.94 -90.0
16.94 -87.0
16.94 -88.0
16.94 -84.0
16.94 -88.0
16.94 -89.0
11.22 -67.0
11.22 -67.0
11.22 -64.0
11.22 -68.0
11.22 -75.0
11.22 -67.0
11.22 -67.0
11.22 -68.0
11.22 -65.0
11.22 -71.0
11.22 -65.0
11.22 -60.0
11.22 -66.0
11.22 -67.0
12.77 -72.0
12.77 -71.0
12.77 -73.0
12.77 -73.0
12.77 -72.0
12.77 -74.0
12.77 -74.0
12.77 -72.0
12.77 -72.0
12.77 -75.0
12.77 -73.0
12.77 -71.0
12.77 -69.0
12.77 -72.0
12.77 -71.0
12.77 -70.0
12.77 -71.0
9.48 -59.0
9.48 -58.0
9.48 -57.0
9.48 -64.0
9.48 -61.0
9.48 -71.0
9.48 -57.0
9.48 -60.0
9.48 -61.0
9.48 -62.0
9.48 -57.0
9.48 -56.0
9.48 -55.0
9.48 -56.0
9.48 -53.0
9.48 -55.0
9.48 -55.0
9.48 -62.0
9.48 -56.0
9.48 -66.0
9.48 -59.0
11.95 -68.0
11.95 -60.0
11.95 -60.0
11.95 -66.0
11.95 -68.0
11.95 -60.0
11.95 -61.0
11.95 -61.0
11.95 -63.0
11.95 -61.0
11.95 -73.0
11.95 -63.0
11.95 -60.0
11.95 -61.0
11.95 -66.0
11.95 -73.0
11.95 -62.0
11.95 -61.0
11.95 -60.0
11.95 -60.0
18.95 -78.0
18.95 -77.0
18.95 -82.0
18.95 -79.0
18.95 -80.0
18.95 -78.0
18.95 -88.0
18.95 -76.0
18.95 -79.0
18.95 -79.0
18.95 -85.0
18.95 -86.0
18.95 -87.0
18.95 -82.0
18.95 -78.0
16.44 -88.0
16.44 -88.0
16.44 -90.0
16.44 -87.0
16.44 -90.0
16.44 -85.0
16.44 -88.0
16.44 -88.0
16.44 -86.0
16.44 -87.0
16.44 -89.0
16.44 -90.0
16.44 -88.0
15.84 -88.0
15.84 -84.0
15.84 -88.0
15.84 -84.0
15.84 -84.0
15.84 -84.0
15.84 -84.0
15.84 -84.0
15.84 -85.0
15.84 -84.0
15.84 -85.0
15.84 -81.0
15.84 -86.0
15.84 -86.0
15.84 -88.0
15.84 -85.0
15.84 -87.0
15.84 -84.0
13.66 -82.0
13.66 -73.0
13.66 -85.0
13.66 -80.0
13.66 -73.0
13.66 -78.0
13.66 -76.0
13.66 -73.0
13.66 -76.0
13.66 -73.0
13.66 -79.0
13.66 -80.0
13.66 -76.0
13.66 -75.0
13.66 -78.0
13.66 -77.0
13.34 -73.0
13.34 -69.0
13.34 -72.0
13.34 -75.0
13.34 -71.0
13.34 -74.0
13.34 -75.0
13.34 -71.0
13.34 -72.0
13.34 -77.0
12.6 -78.0
12.6 -70.0
12.6 -69.0
12.6 -70.0
12.6 -77.0
12.6 -71.0
12.6 -69.0
12.6 -72.0
12.6 -70.0
12.6 -70.0
12.6 -70.0
12.6 -72.0
12.6 -72.0
12.6 -72.0
12.6 -72.0
14.52 -75.0
14.52 -84.0
14.52 -71.0
14.52 -82.0
14.52 -77.0
14.52 -84.0
14.52 -75.0
14.52 -67.0
14.52 -83.0
14.52 -79.0
14.52 -82.0
14.52 -86.0
14.52 -67.0
14.52 -77.0
14.52 -68.0
14.52 -70.0
14.52 -75.0
14.52 -75.0
14.52 -83.0
14.52 -69.0
21.51 -80.0
21.51 -77.0
21.51 -78.0
21.51 -78.0
21.51 -80.0
21.51 -75.0
21.51 -80.0
21.51 -80.0
21.51 -82.0
21.51 -77.5
21.51 -74.0
21.51 -78.0
21.51 -81.0
21.51 -78.0
21.51 -79.0
21.51 -80.0
21.51 -78.0
21.51 -78.0
21.51 -79.0
21.51 -77.0
12.91 -74.0
12.91 -81.0
12.91 -75.0
12.91 -74.0
12.91 -75.0
12.91 -81.0
12.91 -71.0
12.91 -74.0
12.91 -72.0
12.91 -75.0
12.91 -74.0
12.91 -76.0
12.91 -71.0
12.91 -75.0
12.91 -73.0
12.91 -72.0
12.91 -76.0
12.91 -72.0
12.91 -73.0
10.91 -58.0
10.91 -58.0
10.91 -58.0
10.91 -59.0
10.91 -60.0
10.91 -59.0
10.91 -59.0
10.91 -59.0
10.91 -59.0
10.91 -61.0
10.91 -59.0
10.91 -60.0
10.91 -85.0
10.91 -60.0
10.91 -62.0
10.91 -56.0
10.91 -58.0
13.32 -88.0
13.32 -87.0
13.32 -83.0
13.32 -83.0
13.32 -88.0
13.32 -85.0
13.32 -89.0
13.32 -88.0
13.32 -83.0
13.32 -81.0
13.32 -87.0
13.32 -88.0
13.32 -88.0
13.32 -83.0
13.32 -87.0
13.32 -88.0
8.04 -64.0
8.04 -55.0
8.04 -66.0
8.04 -58.0
8.04 -58.0
8.04 -55.0
8.04 -58.0
8.04 -64.0
8.04 -62.0
8.04 -57.0
8.04 -58.0
8.04 -61.0
8.04 -68.0
8.04 -67.0
8.04 -64.0
8.04 -55.0
8.04 -57.0
8.04 -55.0
6.23 -66.0
6.23 -59.0
6.23 -59.0
6.23 -58.0
6.23 -70.0
6.23 -62.0
6.23 -67.0
6.23 -67.0
6.23 -60.0
6.23 -65.0
6.23 -62.0
6.23 -65.0
17.77 -79.0
17.77 -77.0
17.77 -83.0
17.77 -84.0
17.77 -78.0
17.77 -78.0
17.77 -82.0
17.77 -86.0
17.77 -76.0
17.77 -80.0
17.77 -78.0
17.77 -80.0
17.77 -77.0
17.75 -72.0
17.75 -77.0
17.75 -70.0
17.75 -67.0
17.75 -75.0
17.75 -70.0
17.75 -77.0
17.75 -68.0
17.75 -72.0
17.75 -68.0
17.75 -79.0
17.75 -68.0
17.75 -74.0
17.75 -76.0
17.75 -74.0
17.75 -72.0
17.75 -69.0
17.75 -73.0
17.75 -69.0
17.75 -69.0
12.35 -76.0
12.35 -68.0
12.35 -71.0
12.35 -73.0
12.35 -70.0
12.35 -68.0
12.35 -70.0
12.35 -74.0
12.35 -66.0
12.35 -71.0
12.35 -70.0
12.35 -69.0
12.35 -67.0
12.35 -80.0
12.35 -80.0
12.35 -70.0
12.35 -70.0
12.35 -70.0
12.35 -67.0
14.1 -70.0
14.1 -68.0
14.1 -82.0
14.1 -69.0
14.1 -71.0
14.1 -75.0
14.1 -72.0
14.1 -71.0
14.1 -66.0
14.1 -68.0
14.1 -72.0
14.1 -71.0
11.88 -87.0
11.88 -89.0
11.88 -88.0
11.88 -87.0
11.88 -87.0
11.88 -89.0
11.88 -88.0
11.88 -87.0
11.88 -89.0
11.88 -88.0
11.88 -87.0
11.88 -85.0
7.28 -57.0
7.28 -62.0
7.28 -55.0
7.28 -58.0
7.28 -57.0
7.28 -54.0
7.28 -57.0
7.28 -56.0
7.28 -62.0
7.28 -56.0
7.28 -59.0
7.28 -57.0
7.28 -57.0
7.28 -55.0
7.28 -60.0
7.28 -57.0
7.28 -55.0
7.28 -54.0
7.28 -54.0
17.7 -76.0
17.7 -76.0
17.7 -76.0
17.7 -77.0
17.7 -81.0
17.7 -77.0
17.7 -73.0
17.7 -77.0
17.7 -76.0
17.7 -70.0
17.7 -73.0
17.7 -75.0
17.7 -76.0
17.7 -80.0
17.7 -78.0
17.7 -84.0
17.7 -75.0
17.7 -77.0
17.96 -87.0
17.96 -85.0
17.96 -86.0
17.96 -87.0
17.96 -84.0
17.96 -90.0
17.96 -89.0
17.96 -88.5
17.96 -89.0
17.96 -88.0
17.96 -88.0
17.96 -87.0
17.96 -87.0
17.96 -87.0
17.96 -89.0
17.96 -89.0
12.27 -79.0
12.27 -77.0
12.27 -80.0
12.27 -75.0
12.27 -80.0
12.27 -76.0
12.27 -78.0
12.27 -80.0
12.27 -80.0
12.27 -78.0
12.27 -80.0
12.27 -76.0
12.27 -79.0
12.27 -79.0
12.27 -78.0
12.27 -77.0
10.25 -70.0
10.25 -67.0
10.25 -72.0
10.25 -74.0
10.25 -81.0
10.25 -70.0
10.25 -75.0
10.25 -67.0
10.25 -68.0
10.25 -70.0
10.25 -66.0
10.25 -72.0
10.25 -67.0
10.25 -70.0
10.25 -88.0
10.25 -87.0
13.79 -87.0
13.79 -85.0
13.79 -88.0
13.79 -92.0
13.79 -84.0
13.79 -85.0
13.79 -87.0
13.79 -87.0
13.79 -86.0
13.79 -85.0
13.79 -88.0
13.79 -86.0
13.79 -85.0
13.79 -85.0
13.79 -86.0
13.79 -86.0
13.79 -84.0
13.55 -70.0
13.55 -78.0
13.55 -70.0
13.55 -72.0
13.55 -74.0
13.55 -72.0
13.55 -89.0
13.55 -71.0
13.55 -70.0
13.55 -73.0
13.55 -83.0
13.55 -71.0
13.55 -80.0
13.55 -70.0
13.55 -71.0
13.55 -73.0
13.55 -68.0
13.55 -84.0
19.12 -92.0
16.92 -92.0
16.92 -92.0
16.92 -92.0
16.92 -89.0
16.92 -92.0
16.92 -89.0
16.92 -88.0
16.92 -90.0
16.92 -92.0
16.92 -92.0
16.92 -92.0
16.92 -88.0
16.92 -90.0
16.92 -91.0
16.92 -87.0
16.92 -91.0
16.92 -91.0
16.92 -92.0
13.22 -76.0
13.22 -76.0
13.22 -75.0
13.22 -74.0
13.22 -73.0
13.22 -75.0
13.22 -83.0
13.22 -74.0
13.22 -83.0
13.22 -74.0
13.22 -76.0
13.22 -73.0
13.22 -81.0
13.22 -76.0
13.22 -76.0
13.22 -76.0
13.22 -72.0
13.22 -71.0
