18.74 -84.0
18.74 -79.0
18.74 -77.0
18.74 -80.0
18.74 -79.0
18.74 -80.0
18.74 -81.0
18.74 -80.0
18.74 -81.0
18.74 -80.0
18.74 -82.5
18.74 -80.0
18.74 -80.0
18.74 -79.0
18.74 -78.0
18.74 -80.0
18.74 -79.0
18.74 -80.0
18.74 -80.0
18.74 -81.0
18.74 -79.0
30.82 -92.0
30.82 -92.0
30.82 -93.0
30.82 -92.0
30.82 -90.0
30.82 -92.0
30.82 -92.0
30.82 -92.0
30.82 -91.0
30.82 -92.0
30.82 -92.0
30.82 -93.0
33.64 -90.0
33.64 -92.0
33.64 -92.0
33.64 -86.0
33.64 -90.0
33.64 -89.0
33.64 -86.0
33.64 -87.0
33.64 -89.0
33.64 -88.0
33.64 -89.0
33.64 -87.0
33.64 -90.0
33.64 -91.0
33.64 -87.0
33.64 -86.0
33.64 -85.0
33.64 -85.0
33.64 -91.0
11.22 -72.0
11.22 -70.0
11.22 -67.0
11.22 -68.0
11.22 -69.0
11.22 -64.0
11.22 -66.0
11.22 -70.0
11.22 -70.0
11.22 -67.0
11.22 -66.0
11.22 -70.0
11.22 -69.0
11.22 -69.0
11.22 -68.0
11.22 -74.0
11.22 -67.0
11.22 -68.0
11.22 -65.0
11.22 -67.0
9.2 -57.0
9.2 -56.0
9.2 -58.0
9.2 -58.0
9.2 -61.0
9.2 -57.0
9.2 -53.0
9.2 -54.0
9.2 -55.0
9.2 -57.0
9.2 -58.0
9.2 -53.0
9.2 -57.0
9.2 -52.0
9.2 -59.0
9.2 -54.0
9.2 -62.0
9.2 -60.0
9.2 -56.0
9.2 -59.0
9.2 -55.0
34.86 -92.0
34.86 -93.0
34.86 -92.0
34.86 -93.0
34.86 -92.0
34.86 -93.0
34.86 -91.0
34.86 -93.0
34.86 -92.0
34.86 -91.0
34.86 -93.0
34.86 -92.0
34.86 -91.0
34.86 -92.0
34.86 -95.0
34.86 -94.0
22.59 -78.5
22.59 -79.0
22.59 -79.0
22.59 -80.0
22.59 -81.0
22.59 -84.0
22.59 -76.0
22.59 -80.0
22.59 -80.0
22.59 -80.0
22.59 -81.0
22.59 -81.0
22.59 -80.0
22.59 -81.0
22.59 -79.0
22.59 -81.0
22.59 -79.0
22.59 -80.0
22.59 -80.0
22.59 -79.0
22.59 -81.0
22.28 -79.0
22.28 -82.0
22.28 -80.0
22.28 -79.0
22.28 -83.0
22.28 -80.0
22.28 -82.0
22.28 -82.0
22.28 -79.0
22.28 -84.0
22.28 -83.0
22.28 -80.0
22.28 -82.0
22.28 -80.0
22.28 -83.0
22.28 -77.0
22.28 -81.0
22.28 -79.0
22.28 -84.0
32.75 -93.0
32.75 -89.0
32.75 -90.0
32.75 -87.0
32.75 -86.0
32.75 -88.0
32.75 -87.0
32.75 -89.0
32.75 -89.0
32.75 -91.0
32.75 -87.0
32.75 -93.0
32.75 -88.0
32.75 -92.0
32.75 -92.0
32.75 -87.0
32.75 -89.0
32.75 -86.0
32.75 -87.0
32.75 -86.0
13.29 -68.0
13.29 -72.0
13.29 -72.0
13.29 -71.0
13.29 -73.0
13.29 -69.0
13.29 -71.0
13.29 -76.0
13.29 -71.0
13.29 -70.0
13.29 -71.0
13.29 -71.0
13.29 -69.0
13.29 -72.0
13.29 -73.0
13.29 -75.0
13.29 -72.0
13.29 -72.0
13.29 -69.0
13.29 -70.66666666666667
13.29 -69.0
11.25 -72.0
11.25 -76.0
11.25 -78.0
11.25 -70.0
11.25 -76.0
11.25 -77.0
11.25 -73.0
11.25 -72.0
11.25 -72.0
11.25 -76.0
11.25 -75.0
11.25 -73.0
11.25 -74.0
11.25 -75.5
11.25 -74.0
11.25 -71.0
11.25 -76.0
11.25 -71.0
11.25 -74.0
11.25 -80.0
26.63 -81.0
26.63 -79.0
26.63 -81.0
26.63 -80.0
26.63 -80.0
26.63 -79.0
26.63 -79.0
26.63 -81.0
26.63 -81.0
26.63 -81.0
26.63 -83.0
26.63 -80.0
26.63 -79.0
26.63 -81.0
26.63 -82.0
26.63 -80.0
26.63 -80.0
26.63 -84.0
26.63 -81.0
26.63 -80.0
26.63 -79.0
26.63 -79.0
7.7 -58.0
7.7 -62.0
7.7 -58.0
7.7 -56.0
7.7 -59.0
7.7 -58.0
7.7 -58.0
7.7 -59.0
7.7 -57.0
7.7 -59.0
7.7 -58.0
7.7 -59.0
7.7 -57.0
7.7 -56.0
7.7 -59.0
7.7 -58.0
7.7 -59.0
7.7 -57.0
7.7 -57.0
7.7 -61.0
7.7 -56.0
30.56 -90.0
30.56 -91.0
30.56 -87.0
30.56 -88.0
30.56 -91.0
30.56 -89.0
30.56 -89.0
30.56 -92.0
30.56 -91.0
30.56 -92.0
30.56 -87.0
30.56 -91.0
30.56 -92.0
30.56 -91.0
30.56 -91.0
30.56 -91.0
30.56 -92.0
30.56 -92.0
15.21 -77.0
15.21 -75.0
15.21 -76.5
15.21 -74.0
15.21 -80.0
15.21 -75.0
15.21 -74.0
15.21 -75.0
15.21 -74.0
15.21 -74.0
15.21 -75.0
15.21 -74.0
15.21 -75.0
15.21 -75.0
15.21 -77.0
15.21 -77.0
15.21 -77.0
15.21 -76.0
15.21 -75.0
15.21 -75.0
15.21 -74.0
15.21 -77.0
15.21 -74.0
32.57 -90.0
32.57 -92.0
32.57 -92.0
32.57 -92.0
32.57 -94.0
32.57 -94.0
32.57 -94.0
32.57 -92.0
32.57 -94.0
32.57 -93.0
32.22 -91.0
32.22 -88.0
32.22 -86.0
32.22 -87.0
32.22 -87.0
32.22 -87.0
32.22 -88.0
32.22 -86.0
32.22 -88.0
32.22 -88.0
32.22 -86.0
32.22 -89.0
32.22 -86.0
32.22 -89.0
32.22 -87.0
32.22 -89.0
32.22 -84.0
32.22 -86.0
32.22 -86.0
32.22 -85.0
6.47 -56.0
6.47 -56.0
6.47 -57.0
6.47 -57.0
6.47 -57.0
6.47 -57.0
6.47 -57.0
6.47 -58.0
6.47 -57.0
6.47 -58.0
6.47 -57.0
6.47 -55.0
6.47 -55.0
6.47 -56.0
6.47 -55.0
6.47 -59.0
6.47 -56.0
6.47 -56.0
6.47 -57.0
6.47 -57.0
6.47 -57.0
6.47 -56.0
31.91 -89.0
31.91 -91.0
31.91 -91.0
31.91 -92.0
31.91 -93.0
31.91 -91.0
31.91 -92.0
31.91 -92.0
31.91 -90.0
31.91 -92.0
31.91 -94.0
31.91 -89.0
21.28 -79.0
21.28 -77.0
21.28 -77.0
21.28 -80.0
21.28 -80.0
21.28 -77.0
21.28 -78.0
21.28 -77.0
21.28 -77.0
21.28 -78.0
21.28 -79.0
21.28 -78.0
21.28 -80.0
21.28 -78.0
21.28 -77.0
21.28 -77.0
21.28 -79.0
21.28 -77.0
21.28 -77.0
31.1 -93.0
33.2 -92.0
33.2 -89.0
33.2 -84.0
33.2 -93.0
33.2 -93.0
33.2 -88.0
33.2 -92.0
33.2 -90.0
33.2 -87.0
33.2 -88.0
33.2 -90.0
33.2 -90.0
33.2 -90.0
33.2 -91.0
33.2 -91.0
33.2 -91.0
33.2 -89.0
33.2 -90.0
33.2 -90.0
33.2 -90.0
12.46 -68.0
12.46 -69.0
12.46 -68.0
12.46 -69.0
12.46 -69.0
12.46 -69.0
12.46 -69.0
12.46 -66.0
12.46 -69.0
12.46 -68.0
12.46 -73.0
12.46 -73.0
12.46 -69.0
12.46 -78.0
12.46 -71.0
12.46 -70.0
12.46 -71.0
12.46 -73.0
12.46 -70.0
12.46 -71.0
12.46 -70.0
12.46 -69.0
35.49 -94.0
35.49 -92.0
30.41 -91.0
30.41 -91.0
30.41 -91.0
30.41 -91.0
30.41 -94.0
30.41 -90.0
30.41 -90.0
30.41 -90.0
30.41 -93.0
30.41 -92.0
30.41 -92.0
30.41 -89.0
30.41 -90.0
30.41 -87.0
30.41 -92.0
30.41 -90.0
30.41 -91.0
21.92 -81.0
21.92 -80.0
21.92 -80.0
21.92 -80.0
21.92 -84.0
21.92 -85.0
21.92 -80.0
21.92 -79.0
21.92 -80.0
21.92 -81.0
21.92 -78.0
21.92 -81.0
21.92 -82.0
21.92 -77.0
21.92 -82.0
21.92 -83.0
21.92 -81.0
21.92 -82.0
21.92 -81.0
21.92 -80.0
21.92 -84.0
21.92 -83.0
21.92 -83.0
21.92 -81.0
21.92 -81.0
25.27 -85.0
25.27 -84.0
25.27 -85.0
25.27 -84.0
25.27 -86.0
25.27 -85.0
25.27 -84.0
25.27 -87.0
25.27 -84.0
25.27 -84.0
25.27 -88.0
25.27 -84.0
25.27 -84.0
25.27 -85.0
25.27 -85.0
25.27 -85.0
25.27 -84.0
25.27 -84.0
25.27 -84.0
25.27 -86.0
25.27 -84.0
25.27 -85.0
25.27 -84.0
25.27 -86.0
32.9 -92.0
32.9 -93.0
32.9 -92.0
32.9 -93.0
32.9 -93.0
32.9 -92.0
32.9 -93.0
32.9 -94.0
25.17 -80.0
25.17 -80.0
25.17 -82.0
25.17 -80.0
25.17 -80.0
25.17 -79.0
25.17 -79.0
25.17 -83.0
25.17 -80.0
25.17 -81.0
25.17 -79.0
25.17 -80.0
25.17 -88.0
25.17 -79.0
25.17 -81.0
25.17 -80.0
25.17 -79.0
25.17 -79.0
25.17 -90.0
25.17 -79.0
25.17 -79.0
34.15 -91.0
34.15 -92.0
34.15 -93.0
12.12 -78.0
12.12 -74.0
12.12 -72.0
12.12 -72.0
12.12 -74.0
12.12 -74.0
12.12 -72.0
12.12 -72.0
12.12 -74.0
12.12 -72.0
12.12 -76.0
12.12 -73.0
12.12 -76.0
12.12 -73.0
12.12 -74.0
12.12 -72.0
12.12 -75.0
12.12 -71.0
12.12 -72.0
12.12 -72.0
12.12 -73.0
12.12 -70.0
12.12 -72.0
15.27 -66.0
15.27 -68.0
15.27 -69.0
15.27 -68.0
15.27 -72.0
15.27 -66.0
15.27 -69.0
15.27 -69.0
15.27 -68.0
15.27 -67.0
15.27 -68.0
15.27 -73.0
15.27 -71.0
15.27 -70.0
15.27 -67.0
15.27 -68.0
15.27 -69.0
15.27 -66.0
15.27 -70.0
15.27 -69.0
15.27 -68.0
15.27 -68.0
15.27 -68.0
13.86 -70.0
13.86 -69.0
13.86 -69.0
13.86 -70.0
13.86 -69.0
13.86 -69.0
13.86 -69.0
13.86 -69.0
13.86 -68.0
13.86 -71.0
13.86 -71.0
13.86 -77.0
13.86 -68.0
13.86 -69.0
13.86 -68.0
13.86 -70.0
13.86 -69.0
13.86 -69.0
13.86 -68.0
13.86 -68.0
13.86 -71.0
13.86 -70.0
31.45 -93.0
31.45 -93.0
31.45 -92.0
31.45 -92.0
31.45 -93.0
31.45 -91.0
31.45 -93.0
31.45 -92.0
31.45 -92.0
31.45 -92.0
31.45 -93.0
31.45 -93.0
31.45 -90.0
29.55 -80.0
29.55 -80.0
29.55 -80.0
29.55 -79.0
29.55 -81.0
29.55 -80.0
29.55 -79.0
29.55 -82.0
29.55 -82.0
29.55 -82.0
29.55 -83.0
29.55 -80.0
29.55 -79.0
29.55 -80.0
29.55 -82.0
29.55 -80.0
29.55 -80.0
29.55 -80.0
29.55 -79.0
29.55 -78.0
29.55 -80.0
32.81 -85.0
32.81 -88.0
32.81 -87.0
32.81 -89.0
32.81 -90.0
32.81 -94.0
32.81 -92.0
32.81 -91.0
32.81 -89.0
32.81 -87.0
32.81 -88.0
32.81 -89.0
32.81 -92.0
32.81 -87.0
32.81 -89.0
32.81 -89.0
32.81 -89.0
32.81 -89.0
32.81 -89.0
32.81 -87.0
32.81 -92.0
32.81 -87.0
6.2 -59.0
6.2 -55.0
6.2 -55.0
6.2 -58.0
6.2 -57.0
6.2 -59.0
6.2 -54.0
6.2 -56.0
6.2 -64.0
6.2 -63.0
6.2 -56.0
6.2 -65.0
6.2 -60.0
6.2 -60.0
6.2 -60.0
6.2 -61.0
6.2 -62.0
6.2 -56.0
6.2 -54.0
6.2 -62.0
6.2 -58.0
6.2 -64.0
6.2 -63.0
21.33 -84.0
21.33 -84.0
21.33 -86.0
21.33 -87.0
21.33 -81.0
21.33 -86.0
21.33 -85.0
21.33 -84.0
21.33 -86.0
21.33 -82.0
21.33 -84.0
21.33 -85.0
21.33 -83.0
21.33 -84.0
21.33 -86.0
21.33 -84.0
21.33 -84.0
21.33 -86.0
21.33 -83.0
21.33 -83.0
21.33 -85.0
21.33 -84.0
18.0 -76.0
18.0 -79.0
18.0 -76.0
18.0 -76.0
18.0 -78.0
18.0 -76.0
18.0 -79.0
18.0 -74.0
18.0 -76.0
18.0 -78.0
18.0 -77.0
18.0 -76.0
18.0 -74.0
18.0 -76.0
18.0 -78.0
18.0 -77.0
18.0 -75.0
18.0 -77.0
18.0 -75.0
18.0 -77.0
18.0 -76.0
18.0 -79.0
18.0 -76.0
31.76 -86.0
31.76 -88.0
31.76 -89.0
31.76 -89.0
31.76 -87.0
31.76 -85.0
31.76 -89.0
31.76 -89.0
31.76 -90.0
31.76 -85.0
31.76 -87.0
31.76 -85.0
31.76 -89.0
31.76 -85.0
31.76 -85.0
31.76 -87.0
31.76 -86.0
31.76 -87.0
31.76 -90.0
31.76 -86.0
31.76 -88.0
31.76 -90.0
11.02 -73.0
11.02 -76.0
11.02 -74.0
11.02 -74.0
11.02 -77.0
11.02 -73.0
11.02 -78.0
11.02 -81.0
11.02 -74.0
11.02 -73.0
11.02 -73.0
11.02 -72.0
11.02 -73.0
11.02 -74.0
11.02 -76.0
11.02 -74.0
11.02 -74.0
11.02 -74.0
11.02 -75.0
11.02 -72.0
11.02 -76.0
7.89 -69.0
7.89 -66.0
7.89 -67.0
7.89 -66.0
7.89 -67.0
7.89 -69.0
7.89 -68.0
7.89 -70.0
7.89 -71.0
7.89 -70.0
7.89 -71.0
7.89 -67.0
7.89 -68.0
7.89 -70.0
7.89 -66.0
7.89 -67.0
7.89 -70.0
7.89 -67.0
7.89 -69.0
7.89 -68.0
7.89 -67.0
7.89 -69.0
7.89 -69.0
31.9 -91.0
31.9 -94.0
31.9 -93.0
31.9 -90.0
31.9 -92.0
31.9 -93.0
31.9 -90.0
31.9 -92.0
31.9 -92.0
31.9 -92.0
31.9 -93.0
31.9 -92.0
31.9 -92.0
23.92 -81.0
23.92 -80.0
23.92 -82.0
23.92 -82.0
23.92 -81.0
23.92 -80.0
23.92 -81.0
23.92 -81.0
23.92 -81.0
23.92 -81.0
23.92 -80.0
23.92 -81.0
23.92 -79.0
23.92 -81.0
23.92 -80.0
23.92 -82.0
23.92 -81.0
23.92 -83.5
23.92 -82.0
23.92 -87.0
23.92 -79.0
11.2 -73.0
11.2 -69.0
11.2 -68.0
11.2 -69.0
11.2 -68.0
11.2 -70.0
11.2 -71.0
11.2 -70.0
11.2 -73.0
11.2 -69.0
11.2 -75.0
11.2 -71.0
11.2 -68.0
11.2 -78.0
11.2 -68.0
11.2 -69.0
11.2 -70.0
11.2 -71.0
11.2 -68.0
11.2 -70.0
11.2 -68.0
14.23 -75.0
14.23 -70.0
14.23 -74.0
14.23 -71.0
14.23 -74.0
14.23 -72.0
14.23 -73.0
14.23 -72.0
14.23 -68.0
14.23 -72.0
14.23 -73.0
14.23 -73.0
14.23 -72.0
14.23 -74.0
14.23 -72.0
14.23 -76.0
14.23 -75.0
14.23 -77.0
14.23 -72.0
14.23 -76.0
30.4 -92.0
30.4 -92.0
30.4 -91.0
30.4 -91.0
30.4 -92.0
30.4 -83.0
30.4 -89.0
30.4 -92.0
30.4 -92.0
30.4 -89.0
30.4 -90.0
30.4 -92.0
30.4 -90.0
30.4 -92.0
24.67 -80.0
24.67 -82.0
24.67 -81.0
24.67 -82.0
24.67 -81.0
24.67 -81.0
24.67 -80.0
24.67 -80.0
24.67 -80.0
24.67 -80.0
24.67 -80.0
24.67 -81.0
24.67 -80.0
24.67 -80.0
24.67 -81.0
24.67 -80.0
24.67 -80.0
24.67 -84.0
24.67 -80.0
24.67 -81.0
24.67 -82.0
24.67 -81.0
28.02 -85.0
28.02 -85.0
28.02 -85.0
28.02 -83.0
28.02 -84.0
28.02 -84.0
28.02 -83.0
28.02 -84.0
28.02 -84.0
28.02 -84.0
28.02 -84.0
28.02 -82.0
28.02 -83.0
28.02 -84.0
28.02 -85.0
28.02 -84.0
28.02 -84.0
28.02 -83.0
35.33 -90.0
35.33 -90.0
35.33 -89.0
35.33 -90.0
35.33 -89.0
35.33 -91.0
35.33 -93.0
35.33 -91.0
35.33 -89.0
35.33 -89.0
35.33 -91.0
35.33 -92.0
35.33 -91.0
35.33 -91.0
35.33 -90.0
35.33 -91.0
35.33 -91.0
33.3 -93.0
28.09 -86.0
28.09 -82.0
28.09 -83.0
28.09 -83.0
28.09 -81.0
28.09 -83.0
28.09 -81.0
28.09 -83.0
28.09 -84.0
28.09 -80.0
28.09 -86.0
28.09 -82.0
28.09 -83.0
28.09 -87.0
28.09 -82.0
28.09 -81.0
28.09 -85.0
28.09 -81.0
28.09 -83.0
28.09 -82.0
31.36 -88.0
31.36 -93.0
31.36 -94.0
31.36 -94.0
31.36 -93.0
31.36 -93.0
31.36 -94.0
31.36 -94.0
31.36 -90.0
31.36 -93.0
14.26 -70.0
14.26 -76.0
14.26 -70.0
14.26 -71.0
14.26 -71.0
14.26 -72.0
14.26 -74.0
14.26 -76.0
14.26 -73.0
14.26 -72.0
14.26 -72.0
14.26 -69.0
14.26 -75.5
14.26 -72.0
14.26 -76.0
14.26 -74.0
14.26 -71.0
14.26 -73.0
14.26 -71.0
14.26 -71.0
17.53 -80.0
17.53 -78.0
17.53 -77.0
17.53 -77.0
17.53 -77.0
17.53 -78.0
17.53 -84.0
17.53 -78.0
17.53 -78.0
17.53 -79.0
17.53 -81.0
17.53 -82.0
17.53 -79.0
17.53 -76.0
17.53 -76.0
17.53 -78.0
17.53 -76.0
17.53 -78.0
17.53 -79.0
17.53 -79.0
17.53 -82.0
17.53 -80.0
17.53 -80.0
17.53 -76.0
31.96 -92.0
31.96 -90.0
31.96 -91.0
31.96 -93.0
31.96 -92.0
31.96 -92.0
31.96 -91.0
31.96 -90.0
31.96 -90.0
31.96 -92.0
31.96 -88.0
31.96 -90.0
31.96 -88.0
16.6 -84.0
16.6 -72.0
16.6 -72.0
16.6 -72.0
16.6 -71.0
16.6 -71.0
16.6 -73.0
16.6 -72.5
16.6 -75.0
16.6 -71.0
16.6 -72.0
16.6 -72.0
16.6 -81.0
16.6 -73.0
16.6 -72.0
16.6 -72.0
16.6 -72.0
16.6 -71.0
16.6 -71.0
16.6 -70.0
16.6 -71.0
16.6 -71.0
16.6 -73.0
16.6 -71.0
16.6 -72.0
31.87 -92.0
31.87 -93.0
31.87 -93.0
31.87 -92.0
31.87 -92.0
31.87 -91.0
31.87 -92.0
31.87 -92.0
10.86 -62.0
10.86 -67.0
10.86 -62.0
10.86 -67.0
10.86 -62.0
10.86 -60.0
10.86 -64.0
10.86 -64.0
10.86 -65.0
10.86 -62.0
10.86 -63.5
10.86 -67.0
10.86 -63.0
10.86 -63.0
10.86 -65.0
10.86 -64.0
10.86 -63.0
10.86 -64.0
10.86 -63.0
10.86 -61.0
10.86 -65.0
10.86 -61.0
32.49 -80.0
32.49 -81.0
32.49 -80.0
32.49 -81.0
32.49 -82.0
32.49 -79.0
32.49 -78.0
32.49 -80.0
32.49 -78.0
32.49 -77.0
32.49 -80.0
32.49 -78.0
32.49 -84.0
32.49 -81.0
32.49 -76.0
32.49 -80.0
32.49 -81.0
32.49 -80.0
32.49 -76.0
10.0 -71.0
10.0 -73.0
10.0 -70.0
10.0 -71.0
10.0 -70.0
10.0 -69.0
10.0 -71.0
10.0 -70.0
10.0 -72.0
10.0 -71.0
10.0 -74.0
10.0 -73.0
10.0 -72.0
10.0 -73.0
10.0 -72.0
10.0 -73.0
10.0 -72.0
10.0 -71.0
10.0 -69.0
10.0 -71.0
10.0 -72.0
10.0 -69.0
10.0 -69.0
10.0 -71.0
10.0 -74.0
7.06 -63.0
7.06 -63.0
7.06 -62.0
7.06 -63.0
7.06 -63.0
7.06 -60.0
7.06 -63.0
7.06 -71.0
7.06 -60.0
7.06 -63.0
7.06 -63.0
7.06 -70.0
7.06 -62.0
7.06 -63.0
7.06 -64.0
7.06 -62.0
7.06 -67.0
7.06 -63.0
7.06 -63.0
7.06 -61.0
7.06 -63.0
7.06 -67.0
7.06 -62.0
30.47 -92.0
30.47 -89.0
30.47 -91.0
30.47 -91.0
30.47 -90.0
30.47 -93.0
30.47 -92.0
30.47 -93.0
30.47 -91.0
30.47 -90.0
30.47 -92.0
30.47 -91.0
30.47 -94.0
24.15 -81.0
24.15 -83.0
24.15 -81.0
24.15 -82.0
24.15 -85.0
24.15 -86.0
24.15 -85.0
24.15 -83.0
24.15 -86.0
24.15 -83.0
24.15 -82.0
24.15 -86.0
24.15 -81.0
24.15 -81.0
24.15 -81.0
24.15 -84.0
24.15 -81.0
24.15 -83.0
24.15 -80.0
24.15 -80.0
24.15 -83.0
24.15 -87.0
20.84 -79.0
20.84 -77.0
20.84 -79.0
20.84 -78.0
20.84 -78.0
20.84 -78.0
20.84 -78.0
20.84 -78.0
20.84 -78.0
20.84 -78.0
20.84 -80.0
20.84 -78.0
20.84 -79.0
20.84 -78.0
20.84 -78.0
20.84 -80.0
20.84 -78.0
20.84 -79.0
20.84 -80.0
20.84 -77.0
20.84 -79.0
20.84 -78.5
20.84 -78.0
20.84 -79.0
34.71 -91.0
34.71 -92.0
34.71 -93.0
34.71 -93.0
34.71 -92.0
34.71 -91.0
34.71 -91.0
34.71 -93.0
34.71 -91.0
34.71 -93.0
34.71 -93.0
34.71 -91.0
34.71 -91.0
34.71 -93.0
13.34 -67.0
13.34 -69.0
13.34 -76.0
13.34 -70.0
13.34 -72.0
13.34 -72.0
13.34 -74.0
13.34 -70.0
13.34 -70.0
13.34 -71.0
13.34 -69.0
13.34 -68.0
13.34 -73.0
13.34 -71.0
13.34 -67.0
13.34 -71.0
13.34 -70.0
13.34 -68.0
13.34 -67.0
13.34 -68.0
13.34 -70.0
13.34 -69.0
13.34 -68.0
10.03 -71.0
10.03 -68.0
10.03 -69.0
10.03 -70.0
10.03 -69.0
10.03 -68.0
10.03 -71.0
10.03 -71.0
10.03 -71.0
10.03 -72.0
10.03 -68.0
10.03 -68.0
10.03 -71.0
10.03 -71.0
10.03 -70.0
10.03 -69.0
10.03 -72.0
10.03 -69.0
10.03 -70.0
10.03 -72.0
10.03 -70.0
23.29 -81.0
23.29 -87.0
23.29 -80.0
23.29 -78.0
23.29 -78.0
23.29 -86.0
23.29 -78.0
23.29 -82.0
23.29 -79.0
23.29 -83.0
23.29 -83.0
23.29 -80.0
23.29 -80.0
23.29 -79.0
23.29 -85.0
23.29 -84.0
23.29 -81.0
23.29 -79.0
23.29 -81.0
23.29 -80.0
23.29 -81.0
26.64 -89.0
26.64 -82.0
26.64 -82.0
26.64 -81.0
26.64 -80.0
26.64 -89.0
26.64 -81.0
26.64 -89.0
26.64 -89.0
26.64 -90.0
26.64 -81.0
26.64 -81.0
26.64 -80.0
26.64 -80.0
26.64 -82.0
26.64 -81.0
26.64 -81.0
26.64 -80.0
26.64 -81.0
26.64 -80.0
26.64 -81.0
26.64 -88.0
26.64 -80.0
26.64 -81.0
26.64 -83.0
33.98 -93.0
33.98 -92.0
33.98 -94.0
33.98 -94.0
32.35 -92.0
32.35 -92.0
32.35 -94.0
32.35 -93.0
32.35 -93.0
32.35 -93.0
32.35 -93.0
32.24 -81.0
32.24 -91.0
32.24 -83.0
32.24 -84.0
32.24 -86.0
32.24 -90.0
32.24 -80.0
32.24 -88.0
32.24 -80.0
32.24 -88.0
32.24 -88.0
32.24 -81.0
32.24 -87.0
32.24 -81.0
32.24 -91.0
32.24 -85.0
32.24 -88.0
32.24 -77.0
32.24 -88.0
32.24 -83.0
32.24 -91.0
32.24 -86.0
13.14 -68.5
13.14 -70.0
13.14 -71.0
13.14 -68.0
13.14 -68.0
13.14 -70.0
13.14 -67.0
13.14 -68.0
13.14 -67.0
13.14 -72.0
13.14 -67.0
13.14 -69.0
13.14 -69.0
13.14 -70.0
13.14 -69.0
13.14 -70.0
13.14 -70.0
13.14 -69.0
13.14 -68.0
13.14 -69.0
13.14 -72.0
13.14 -71.0
13.14 -67.0
16.37 -73.0
16.37 -70.0
16.37 -73.5
16.37 -67.0
16.37 -72.0
16.37 -72.0
16.37 -70.0
16.37 -70.0
16.37 -72.0
16.37 -73.0
16.37 -71.0
16.37 -71.0
16.37 -72.0
16.37 -73.0
16.37 -72.0
16.37 -71.0
16.37 -73.0
16.37 -69.0
16.37 -71.0
16.37 -73.0
30.81 -87.0
30.81 -84.0
30.81 -86.0
30.81 -88.0
30.81 -84.0
30.81 -85.0
30.81 -88.0
30.81 -84.0
30.81 -86.0
30.81 -84.0
30.81 -85.0
30.81 -85.0
30.81 -85.0
30.81 -86.0
30.81 -83.0
30.81 -86.0
30.81 -84.0
30.81 -86.0
30.81 -83.0
30.81 -86.0
10.7 -59.0
10.7 -65.0
10.7 -66.0
10.7 -63.0
10.7 -64.5
10.7 -69.0
10.7 -67.0
10.7 -63.0
10.7 -63.0
10.7 -58.0
10.7 -59.0
10.7 -62.0
10.7 -62.0
10.7 -63.0
10.7 -61.0
10.7 -62.0
10.7 -60.0
10.7 -65.0
31.02 -81.0
31.02 -80.0
31.02 -81.0
31.02 -83.0
31.02 -81.0
31.02 -80.0
31.02 -83.0
31.02 -81.0
31.02 -81.0
31.02 -82.0
31.02 -82.0
31.02 -80.0
31.02 -81.0
31.02 -80.0
31.02 -84.0
31.02 -81.0
31.02 -80.0
31.02 -83.0
31.02 -81.0
31.02 -83.0
31.02 -80.0
31.02 -83.0
31.02 -82.0
20.0 -81.0
20.0 -88.0
20.0 -80.0
20.0 -79.0
20.0 -80.0
20.0 -81.0
20.0 -81.0
20.0 -81.0
20.0 -84.0
20.0 -85.0
20.0 -82.0
20.0 -81.0
20.0 -83.5
20.0 -81.0
20.0 -79.0
20.0 -79.0
20.0 -79.0
20.0 -81.0
20.0 -79.0
20.0 -80.0
32.1 -92.0
32.1 -91.0
32.1 -93.0
32.1 -91.0
32.1 -92.0
32.1 -85.0
32.1 -93.0
32.1 -91.0
32.1 -91.0
32.1 -92.0
22.74 -87.0
22.74 -85.0
22.74 -90.0
22.74 -85.0
22.74 -84.0
22.74 -85.0
22.74 -86.0
22.74 -90.0
22.74 -83.0
22.74 -83.0
22.74 -84.0
22.74 -88.0
22.74 -86.0
22.74 -87.0
22.74 -86.0
22.74 -88.0
22.74 -85.0
22.74 -87.0
22.74 -85.0
22.74 -84.0
22.74 -89.0
22.74 -83.0
22.74 -83.0
22.74 -85.0
19.41 -78.0
19.41 -78.0
19.41 -80.0
19.41 -77.0
19.41 -77.0
19.41 -81.0
19.41 -78.0
19.41 -79.0
19.41 -77.0
19.41 -78.0
19.41 -78.0
19.41 -82.0
19.41 -78.0
19.41 -77.0
19.41 -79.0
19.41 -77.0
19.41 -77.0
19.41 -81.0
19.41 -77.0
19.41 -78.0
19.41 -78.0
19.41 -79.0
19.41 -77.0
33.34 -91.0
33.34 -92.0
33.34 -92.0
33.34 -90.0
33.34 -92.0
33.34 -91.0
33.34 -93.0
33.34 -92.0
33.34 -91.0
33.34 -94.0
33.34 -92.0
33.34 -92.0
33.34 -94.0
33.34 -93.0
11.76 -64.0
11.76 -65.0
11.76 -66.0
11.76 -69.0
11.76 -66.0
11.76 -69.0
11.76 -65.0
11.76 -68.0
11.76 -66.0
11.76 -66.0
11.76 -66.0
11.76 -67.0
11.76 -64.0
11.76 -65.0
11.76 -68.0
11.76 -67.0
11.76 -65.0
11.76 -64.0
11.76 -65.0
11.76 -65.0
11.76 -67.0
11.76 -63.0
11.76 -65.0
11.76 -66.0
11.76 -68.0
12.14 -71.0
12.14 -71.0
12.14 -73.0
12.14 -69.0
12.14 -73.0
12.14 -70.0
12.14 -74.0
12.14 -76.0
12.14 -71.0
12.14 -71.0
12.14 -72.0
12.14 -75.0
12.14 -72.0
12.14 -69.0
12.14 -71.0
12.14 -69.0
12.14 -70.0
12.14 -73.0
12.14 -69.0
12.14 -70.0
12.14 -74.0
12.14 -70.0
8.9 -79.0
8.9 -71.0
8.9 -71.0
8.9 -72.0
8.9 -70.0
8.9 -70.0
8.9 -73.0
8.9 -70.0
8.9 -72.0
8.9 -71.0
8.9 -71.0
8.9 -73.0
8.9 -71.0
8.9 -71.0
8.9 -72.0
8.9 -72.0
8.9 -71.0
8.9 -71.0
30.61 -92.0
30.61 -92.0
30.61 -91.0
30.61 -92.0
30.61 -92.0
30.61 -92.0
30.61 -92.0
30.61 -92.0
30.61 -92.0
30.61 -91.0
30.61 -92.0
30.61 -92.0
30.61 -95.0
30.61 -92.0
30.61 -91.0
30.61 -90.0
30.61 -91.0
30.61 -90.0
30.61 -92.0
23.72 -80.0
23.72 -83.0
23.72 -83.0
23.72 -81.0
23.72 -80.0
23.72 -81.0
23.72 -84.0
23.72 -81.0
23.72 -81.0
23.72 -86.0
23.72 -80.0
23.72 -84.0
23.72 -81.0
23.72 -80.0
23.72 -81.0
23.72 -82.0
23.72 -81.0
23.72 -83.0
23.72 -81.0
23.72 -82.0
23.72 -81.0
23.72 -88.0
23.72 -82.0
23.72 -83.0
23.72 -85.0
34.15 -92.0
34.15 -92.0
34.15 -92.5
34.15 -92.0
34.15 -90.0
34.15 -93.0
34.15 -91.0
34.28 -95.0
30.76 -86.0
30.76 -85.0
30.76 -85.0
30.76 -86.0
30.76 -84.0
30.76 -85.0
30.76 -86.0
30.76 -88.0
30.76 -84.0
30.76 -87.0
30.76 -84.0
30.76 -87.0
30.76 -87.0
30.76 -89.0
30.76 -85.0
30.76 -89.0
30.76 -88.0
30.76 -87.0
30.76 -86.0
30.76 -86.0
30.76 -83.0
30.76 -85.0
30.76 -85.0
12.53 -72.0
12.53 -73.0
12.53 -73.0
12.53 -74.0
12.53 -73.0
12.53 -69.0
12.53 -70.0
12.53 -71.0
12.53 -70.0
12.53 -72.0
12.53 -72.0
12.53 -70.0
12.53 -73.0
12.53 -73.0
12.53 -73.0
12.53 -73.0
12.53 -71.0
12.53 -71.0
12.53 -70.0
12.53 -70.0
12.53 -70.0
12.53 -71.0
32.3 -93.0
32.3 -93.0
32.3 -93.0
32.3 -94.0
32.3 -93.0
32.3 -92.0
32.3 -93.0
32.3 -90.0
32.3 -93.0
32.3 -94.0
32.3 -92.0
32.3 -89.0
32.3 -93.0
32.3 -92.0
32.3 -92.0
29.41 -87.0
29.41 -86.0
29.41 -85.0
29.41 -87.0
29.41 -86.0
29.41 -86.0
29.41 -86.0
29.41 -87.0
29.41 -87.0
29.41 -87.0
29.41 -84.0
29.41 -86.0
29.41 -85.0
29.41 -82.0
29.41 -87.0
29.41 -86.0
29.41 -84.0
29.41 -86.0
29.41 -87.0
29.41 -86.0
29.41 -84.5
32.89 -93.0
32.89 -94.0
32.89 -92.0
32.89 -94.0
32.89 -93.0
32.89 -92.0
32.89 -91.0
32.89 -92.0
32.89 -94.0
32.89 -90.0
32.89 -92.0
32.06 -83.0
32.06 -93.0
32.06 -87.0
32.06 -81.0
32.06 -84.0
32.06 -86.0
32.06 -85.0
32.06 -85.0
32.06 -93.0
32.06 -83.0
32.06 -89.0
32.06 -81.0
32.06 -83.0
32.06 -93.0
32.06 -81.0
32.06 -88.0
32.06 -83.0
32.06 -81.0
32.06 -83.0
32.06 -81.0
32.06 -82.0
32.06 -85.0
32.06 -84.0
