11.47 -64.0
11.47 -72.0
11.47 -67.0
11.47 -66.0
11.47 -67.0
11.47 -65.0
11.47 -67.0
11.47 -71.0
11.47 -64.0
11.47 -59.0
11.47 -65.0
11.47 -64.0
11.47 -67.0
11.47 -64.0
11.47 -67.0
19.83 -84.0
19.83 -84.0
19.83 -84.0
19.83 -85.0
19.83 -86.0
19.83 -85.0
19.83 -86.0
19.83 -85.0
19.83 -86.0
19.83 -85.0
19.83 -85.0
19.83 -84.0
19.83 -86.0
19.83 -85.0
23.27 -82.0
23.27 -78.0
23.27 -78.0
23.27 -80.0
23.27 -78.0
23.27 -80.0
23.27 -86.0
23.27 -85.0
23.27 -85.0
23.27 -77.0
23.27 -76.0
23.27 -87.0
23.27 -89.0
23.27 -79.0
23.27 -80.0
23.27 -80.0
23.27 -76.0
23.27 -80.0
23.27 -80.0
23.27 -85.0
23.27 -74.0
13.25 -66.0
13.25 -65.0
13.25 -72.0
13.25 -75.0
13.25 -62.0
13.25 -62.0
13.25 -73.0
13.25 -63.0
13.25 -63.0
13.25 -78.0
13.25 -63.0
13.25 -70.0
13.25 -67.0
13.25 -65.0
13.25 -65.0
13.25 -71.0
13.25 -63.0
13.25 -67.0
14.2 -72.0
14.2 -76.0
14.2 -74.0
14.2 -73.0
14.2 -75.0
14.2 -76.0
14.2 -74.0
14.2 -74.0
14.2 -73.0
14.2 -70.0
14.2 -77.0
14.2 -74.0
14.2 -73.0
14.2 -80.0
14.2 -78.0
14.2 -71.0
14.2 -76.0
14.2 -74.0
14.2 -70.0
14.2 -75.0
14.2 -72.0
14.2 -75.0
25.0 -92.0
25.0 -92.0
25.0 -92.0
25.0 -92.0
25.0 -92.0
13.76 -72.0
13.76 -72.0
13.76 -72.0
13.76 -78.0
13.76 -73.0
13.76 -72.0
13.76 -76.0
13.76 -74.0
13.76 -76.0
13.76 -73.0
13.76 -73.0
13.76 -76.0
13.76 -71.0
11.91 -71.0
11.91 -70.0
11.91 -68.0
11.91 -76.0
11.91 -76.0
11.91 -76.0
11.91 -71.0
11.91 -75.0
11.91 -76.0
11.91 -77.0
11.91 -73.0
11.91 -75.0
11.91 -75.0
11.91 -71.0
11.91 -69.0
11.91 -75.0
11.91 -72.0
11.91 -72.0
11.91 -72.0
11.91 -71.0
22.72 -85.0
22.72 -84.0
22.72 -83.0
22.72 -82.0
22.72 -84.0
22.72 -87.0
22.72 -83.0
22.72 -84.0
22.72 -85.0
22.72 -84.0
22.72 -86.0
22.72 -85.0
22.72 -83.0
22.72 -85.0
22.72 -85.0
22.72 -84.0
22.72 -82.0
22.72 -83.0
22.72 -85.0
22.72 -83.0
22.72 -84.0
23.77 -93.0
11.2 -63.0
11.2 -67.0
11.2 -66.0
11.2 -63.0
11.2 -55.0
11.2 -64.0
11.2 -59.0
11.2 -68.0
11.2 -67.0
11.2 -56.0
11.2 -63.0
11.2 -66.0
11.2 -69.0
11.2 -56.0
11.2 -54.0
11.2 -67.0
11.2 -63.0
11.2 -70.0
11.2 -66.0
11.2 -66.0
11.2 -56.0
11.2 -54.0
11.2 -57.0
6.45 -56.0
6.45 -62.0
6.45 -56.0
6.45 -60.0
6.45 -58.0
6.45 -56.0
6.45 -59.0
6.45 -61.0
6.45 -66.0
6.45 -60.0
6.45 -67.0
6.45 -58.0
6.45 -56.0
6.45 -60.0
6.45 -58.0
6.45 -69.0
6.45 -61.0
6.45 -55.0
6.45 -58.0
6.45 -60.0
15.92 -78.0
15.92 -74.0
15.92 -78.0
15.92 -74.0
15.92 -76.0
15.92 -74.0
15.92 -78.0
15.92 -74.0
15.92 -71.0
15.92 -76.0
15.92 -73.0
15.92 -74.0
15.92 -74.0
15.92 -73.0
15.92 -73.0
15.92 -73.0
15.92 -72.0
15.92 -77.0
15.92 -75.0
15.92 -75.0
15.92 -77.0
15.92 -74.0
15.92 -73.0
13.28 -68.0
13.28 -70.0
13.28 -70.0
13.28 -67.0
13.28 -67.0
13.28 -70.0
13.28 -70.0
13.28 -68.0
13.28 -70.0
13.28 -69.0
13.28 -68.0
13.28 -68.0
13.28 -77.0
13.28 -69.0
13.28 -78.0
13.28 -68.0
13.28 -69.0
19.43 -84.0
19.43 -90.0
19.43 -85.0
19.43 -81.0
19.43 -82.0
19.43 -85.0
19.43 -83.0
19.43 -82.0
19.43 -82.0
19.43 -86.0
19.43 -83.0
19.43 -80.0
19.43 -82.0
19.43 -81.0
19.43 -82.0
19.43 -83.0
19.43 -81.0
19.43 -89.0
19.43 -85.0
19.43 -89.0
19.43 -84.0
19.43 -85.0
19.43 -80.0
6.74 -55.0
6.74 -54.0
6.74 -58.0
6.74 -54.0
6.74 -57.0
6.74 -54.0
6.74 -58.0
6.74 -58.0
6.74 -58.0
6.74 -57.0
6.74 -58.0
6.74 -55.0
6.74 -58.0
6.74 -55.0
6.74 -57.0
6.74 -58.0
6.74 -54.0
6.74 -55.0
6.74 -55.0
6.74 -58.0
6.74 -55.0
6.74 -58.0
21.69 -91.0
21.69 -92.0
21.69 -91.0
21.95 -80.0
21.95 -81.0
21.95 -77.0
21.95 -79.0
21.95 -78.0
21.95 -80.0
21.95 -81.0
21.95 -79.0
21.95 -79.0
21.95 -79.0
21.95 -82.0
21.95 -82.0
21.95 -79.0
21.95 -79.0
21.95 -78.0
21.95 -79.0
21.95 -82.0
21.95 -80.0
21.95 -78.0
21.95 -81.0
21.95 -77.0
21.95 -78.0
21.95 -79.0
21.95 -81.0
11.2 -65.0
11.2 -69.0
11.2 -67.0
11.2 -66.0
11.2 -63.0
11.2 -65.0
11.2 -65.0
11.2 -70.0
11.2 -72.0
11.2 -71.0
11.2 -71.0
11.2 -65.0
11.2 -70.0
11.2 -75.0
11.2 -68.0
11.2 -61.0
20.69 -89.0
20.69 -90.0
20.69 -90.0
20.69 -91.0
20.69 -89.0
20.69 -89.0
20.69 -91.0
20.69 -90.0
20.69 -88.0
20.69 -90.0
20.69 -90.0
20.69 -90.0
20.69 -89.0
20.69 -89.0
20.69 -90.0
12.87 -73.0
12.87 -69.0
12.87 -70.0
12.87 -66.0
12.87 -70.0
12.87 -71.0
12.87 -65.0
12.87 -69.0
12.87 -70.0
12.87 -69.0
12.87 -69.0
12.87 -71.0
12.87 -69.0
12.87 -68.0
12.87 -74.0
12.87 -68.0
12.87 -70.0
12.87 -68.0
12.87 -70.0
12.87 -69.0
12.87 -67.0
12.87 -69.0
20.26 -92.0
20.26 -91.0
20.26 -91.0
20.26 -93.0
20.26 -91.0
20.26 -91.0
20.26 -90.0
20.26 -92.0
20.26 -91.0
20.26 -91.0
22.62 -84.0
22.62 -86.0
22.62 -79.0
22.62 -82.0
22.62 -87.0
22.62 -87.0
22.62 -78.0
22.62 -85.0
22.62 -80.0
22.62 -84.0
22.62 -81.0
22.62 -84.0
22.62 -89.0
22.62 -86.0
22.62 -81.0
22.62 -84.0
22.62 -86.0
22.62 -85.0
11.73 -62.0
11.73 -65.0
11.73 -60.0
11.73 -60.0
11.73 -62.0
11.73 -61.0
11.73 -64.0
11.73 -66.0
11.73 -63.0
11.73 -63.0
11.73 -62.0
11.73 -60.0
11.73 -58.0
11.73 -61.0
11.73 -65.0
11.73 -57.0
11.73 -63.0
11.73 -59.0
11.73 -67.0
11.73 -59.0
11.73 -59.0
25.87 -93.0
25.87 -93.0
25.87 -92.0
25.87 -93.0
25.87 -94.0
25.87 -92.0
25.87 -91.0
25.87 -93.0
25.87 -88.0
25.87 -92.0
25.87 -93.0
19.19 -84.0
19.19 -89.0
19.19 -92.0
19.19 -86.0
19.19 -84.0
19.19 -89.0
19.19 -91.0
19.19 -84.0
19.19 -83.0
19.19 -85.0
19.19 -86.0
19.19 -90.0
19.19 -90.0
19.19 -89.0
19.19 -86.0
19.19 -85.0
19.19 -90.0
19.19 -89.0
19.19 -89.0
19.19 -85.0
12.63 -70.0
12.63 -71.0
12.63 -70.0
12.63 -73.0
12.63 -73.0
12.63 -68.0
12.63 -68.0
12.63 -73.0
12.63 -72.0
12.63 -75.0
12.63 -70.0
12.63 -74.0
12.63 -72.0
12.63 -75.0
12.63 -72.0
12.63 -71.0
12.63 -62.0
12.63 -68.0
12.63 -75.0
12.63 -69.0
15.83 -74.0
15.83 -75.0
15.83 -76.0
15.83 -76.0
15.83 -76.0
15.83 -80.0
15.83 -76.0
15.83 -75.0
15.83 -80.0
15.83 -75.0
15.83 -76.0
15.83 -80.0
15.83 -80.0
15.83 -71.0
15.83 -76.0
15.83 -77.0
15.83 -76.0
15.83 -73.0
15.83 -75.0
15.83 -81.0
14.55 -68.0
14.55 -65.0
14.55 -75.0
14.55 -65.0
14.55 -65.0
14.55 -69.0
14.55 -74.0
14.55 -65.0
14.55 -65.0
14.55 -66.0
14.55 -68.0
14.55 -66.0
14.55 -66.0
14.55 -66.0
14.55 -66.0
14.55 -66.0
14.55 -62.0
14.55 -66.0
14.55 -64.0
14.55 -65.0
14.55 -65.0
14.55 -67.0
14.55 -66.0
14.55 -63.0
9.77 -63.0
9.77 -62.0
9.77 -59.0
9.77 -65.0
9.77 -57.0
9.77 -58.0
9.77 -59.0
9.77 -59.0
9.77 -60.0
9.77 -58.0
9.77 -65.0
9.77 -61.0
9.77 -64.0
9.77 -60.0
9.77 -58.0
9.77 -69.0
9.77 -61.0
9.77 -59.0
9.77 -64.0
9.77 -62.0
9.77 -58.0
10.7 -59.0
10.7 -55.0
10.7 -58.0
10.7 -55.0
10.7 -55.0
10.7 -54.0
10.7 -55.0
10.7 -55.0
10.7 -56.0
10.7 -56.0
10.7 -54.0
10.7 -56.0
10.7 -56.0
10.7 -59.0
10.7 -58.0
10.7 -57.0
10.7 -58.0
10.7 -55.0
10.7 -56.0
10.7 -58.0
10.7 -58.0
10.7 -55.0
6.3 -56.0
6.3 -55.0
6.3 -53.0
6.3 -53.0
6.3 -57.0
6.3 -52.0
6.3 -58.0
6.3 -58.0
6.3 -58.0
6.3 -53.0
6.3 -53.0
6.3 -58.0
6.3 -58.0
6.3 -58.0
6.3 -56.0
6.3 -57.0
6.3 -53.0
6.3 -54.0
6.3 -54.0
6.3 -53.0
6.3 -53.0
6.3 -58.0
6.3 -54.0
6.3 -54.0
6.3 -57.0
20.8 -92.0
20.8 -92.0
20.8 -92.0
20.8 -92.0
20.8 -92.0
20.8 -91.0
20.8 -92.0
18.72 -73.0
18.72 -73.0
18.72 -75.0
18.72 -75.0
18.72 -73.0
18.72 -73.0
18.72 -73.0
18.72 -73.0
18.72 -73.0
18.72 -74.0
18.72 -73.0
18.72 -74.0
18.72 -76.0
18.72 -73.0
18.72 -73.0
18.72 -76.0
18.72 -74.0
18.72 -72.0
18.72 -74.0
18.72 -75.0
18.72 -76.0
22.05 -82.0
22.05 -87.0
22.05 -85.0
22.05 -87.0
22.05 -86.0
22.05 -81.0
22.05 -79.0
22.05 -81.0
22.05 -89.0
22.05 -87.0
22.05 -82.0
22.05 -84.0
22.05 -82.0
22.05 -85.0
22.05 -84.0
22.05 -82.0
22.05 -87.0
22.05 -79.0
22.05 -85.0
22.05 -86.0
22.05 -84.0
12.47 -72.0
12.47 -71.0
12.47 -77.0
12.47 -71.0
12.47 -71.0
12.47 -71.0
12.47 -69.0
12.47 -71.0
12.47 -71.0
12.47 -70.0
12.47 -72.0
12.47 -68.0
12.47 -71.0
12.47 -72.0
12.47 -68.0
12.47 -70.0
12.47 -67.0
12.47 -71.0
11.59 -69.0
11.59 -69.0
11.59 -69.0
11.59 -67.0
11.59 -82.0
11.59 -67.0
11.59 -67.0
11.59 -69.0
11.59 -65.0
11.59 -69.0
11.59 -68.0
11.59 -72.0
11.59 -69.0
11.59 -66.0
11.59 -64.0
11.59 -66.0
11.59 -66.0
11.59 -69.0
11.59 -71.0
11.59 -69.0
11.59 -64.0
8.39 -69.0
8.39 -64.0
8.39 -66.0
8.39 -67.0
8.39 -67.0
8.39 -67.0
8.39 -68.0
8.39 -68.0
8.39 -67.0
8.39 -65.0
8.39 -61.0
8.39 -64.0
8.39 -67.0
8.39 -66.0
8.39 -60.0
8.39 -68.0
8.39 -65.0
8.39 -67.0
8.39 -68.0
8.39 -67.0
8.39 -66.0
8.39 -66.0
8.39 -69.0
21.26 -79.0
21.26 -87.0
21.26 -81.0
21.26 -82.0
21.26 -80.0
21.26 -76.0
21.26 -85.0
21.26 -80.0
21.26 -83.0
21.26 -86.0
21.26 -84.0
21.26 -81.0
21.26 -80.0
21.26 -80.0
21.26 -79.0
21.26 -80.0
21.26 -83.0
21.26 -80.0
21.26 -81.0
21.26 -80.0
21.26 -82.0
8.38 -56.0
8.38 -57.0
8.38 -60.0
8.38 -63.0
8.38 -61.0
8.38 -58.0
8.38 -57.0
8.38 -57.0
8.38 -55.0
8.38 -60.0
8.38 -55.0
8.38 -56.0
8.38 -58.0
8.38 -57.0
8.38 -56.0
8.38 -58.0
8.38 -55.0
8.38 -56.0
8.38 -57.0
8.38 -57.0
8.38 -60.0
8.38 -61.0
8.85 -62.0
8.85 -64.0
8.85 -67.0
8.85 -69.0
8.85 -70.0
8.85 -67.0
8.85 -63.0
8.85 -62.0
8.85 -63.0
8.85 -65.0
8.85 -65.0
8.85 -62.0
8.85 -63.0
8.85 -65.0
8.85 -63.0
20.68 -87.0
20.68 -88.0
20.68 -92.0
20.68 -86.0
20.68 -86.0
20.68 -93.0
20.68 -87.0
20.68 -88.0
20.68 -88.0
20.68 -86.0
20.68 -93.0
20.68 -89.0
20.68 -87.0
20.68 -87.0
20.68 -88.0
20.68 -83.0
20.68 -88.0
14.75 -79.0
14.75 -78.0
14.75 -79.0
14.75 -78.0
14.75 -78.0
14.75 -79.0
14.75 -79.0
14.75 -74.0
14.75 -79.0
14.75 -80.0
14.75 -80.0
14.75 -80.0
14.75 -73.0
14.75 -80.0
10.38 -66.0
10.38 -64.0
10.38 -62.0
10.38 -64.0
10.38 -63.0
10.38 -64.0
10.38 -62.0
10.38 -62.0
10.38 -60.0
10.38 -64.0
10.38 -63.0
10.38 -60.0
10.38 -61.0
10.38 -64.0
10.38 -61.0
10.38 -63.0
10.38 -68.0
10.38 -65.0
10.85 -59.0
10.85 -55.0
10.85 -61.0
10.85 -55.0
10.85 -55.0
10.85 -54.0
10.85 -66.0
10.85 -54.0
10.85 -55.0
10.85 -75.0
10.85 -64.0
10.85 -54.0
10.85 -55.0
10.85 -57.0
10.85 -56.0
10.85 -56.0
10.85 -58.0
10.85 -58.0
19.18 -88.0
19.18 -89.0
19.18 -89.0
19.18 -92.0
19.18 -87.0
19.18 -86.0
19.18 -87.0
19.18 -84.0
19.18 -92.0
19.18 -88.0
19.18 -90.0
19.18 -89.0
19.18 -88.0
19.18 -91.0
19.18 -87.0
19.18 -86.0
19.18 -88.0
19.18 -87.0
14.85 -76.0
14.85 -72.0
14.85 -71.0
14.85 -74.0
14.85 -75.0
14.85 -73.0
14.85 -72.0
14.85 -72.0
14.85 -72.0
14.85 -71.0
14.85 -72.0
14.85 -75.0
14.85 -71.0
14.85 -72.0
14.85 -71.0
14.85 -71.0
14.85 -71.0
14.85 -71.0
14.85 -72.0
14.85 -69.0
14.85 -72.0
18.15 -75.0
18.15 -68.0
18.15 -76.0
18.15 -80.0
18.15 -76.0
18.15 -74.0
18.15 -69.0
18.15 -73.0
18.15 -68.0
18.15 -75.0
18.15 -69.0
18.15 -73.0
18.15 -69.0
18.15 -71.0
18.15 -76.0
18.15 -70.0
18.15 -72.0
18.15 -75.0
18.15 -70.0
25.65 -89.0
25.65 -83.0
25.65 -90.0
25.65 -85.0
25.65 -86.0
25.65 -87.0
25.65 -87.0
25.65 -82.0
25.65 -88.0
25.65 -84.0
25.65 -85.0
25.65 -83.0
25.65 -83.0
25.65 -87.0
25.65 -84.0
25.65 -86.0
25.65 -91.0
25.65 -90.0
25.65 -85.0
25.65 -84.0
25.65 -85.0
25.65 -90.0
17.31 -72.5
17.31 -71.0
17.31 -70.0
17.31 -70.0
17.31 -69.0
17.31 -69.0
17.31 -69.0
17.31 -69.0
17.31 -68.0
17.31 -71.0
17.31 -79.0
17.31 -70.0
17.31 -70.0
17.31 -70.0
17.31 -68.0
17.31 -73.0
17.31 -80.0
17.31 -71.0
17.31 -71.0
17.31 -69.0
17.31 -69.0
17.31 -72.0
17.31 -71.0
17.31 -70.0
20.65 -87.0
20.65 -83.0
20.65 -80.0
20.65 -81.0
20.65 -81.0
20.65 -83.0
20.65 -82.0
20.65 -81.0
20.65 -82.0
20.65 -82.0
20.65 -80.0
20.65 -83.0
20.65 -81.0
20.65 -81.0
20.65 -81.0
20.65 -81.0
20.65 -81.0
20.65 -81.0
20.65 -81.0
20.65 -82.0
20.65 -83.0
20.65 -80.0
9.2 -54.0
9.2 -54.0
9.2 -53.0
9.2 -53.0
9.2 -62.0
9.2 -53.0
9.2 -57.0
9.2 -53.0
9.2 -63.0
9.2 -52.0
9.2 -53.0
9.2 -64.0
9.2 -53.0
9.2 -56.0
9.2 -58.0
9.2 -60.0
9.2 -54.0
9.2 -54.0
9.2 -60.0
11.02 -63.0
11.02 -68.0
11.02 -68.0
11.02 -66.0
11.02 -63.0
11.02 -64.0
11.02 -67.0
11.02 -65.0
11.02 -63.0
11.02 -68.0
11.02 -66.0
11.02 -67.0
11.02 -75.0
11.02 -70.0
11.02 -73.0
11.02 -66.0
11.02 -68.0
11.02 -67.0
11.02 -65.0
11.02 -63.0
20.77 -89.0
20.77 -91.0
20.77 -87.0
20.77 -90.0
20.77 -87.0
20.77 -88.0
20.77 -92.0
20.77 -89.0
20.77 -88.0
20.77 -89.0
20.77 -88.0
20.77 -90.0
20.77 -92.0
20.77 -89.0
20.77 -91.0
7.46 -60.0
7.46 -61.0
7.46 -60.0
7.46 -62.0
7.46 -61.0
7.46 -60.0
7.46 -61.0
7.46 -62.0
7.46 -61.0
7.46 -60.0
7.46 -60.0
7.46 -60.0
7.46 -60.0
7.46 -64.0
7.46 -59.0
7.46 -61.0
7.46 -60.0
7.46 -60.0
7.46 -61.0
7.46 -60.0
7.46 -61.0
7.46 -60.0
7.46 -60.0
7.46 -60.0
7.46 -60.0
14.19 -66.0
14.19 -76.0
14.19 -70.0
14.19 -68.0
14.19 -71.0
14.19 -70.0
14.19 -68.0
14.19 -65.0
14.19 -67.0
14.19 -69.0
14.19 -63.0
14.19 -67.0
14.19 -69.0
14.19 -66.0
14.19 -66.0
14.19 -70.0
14.19 -69.0
14.19 -69.0
14.19 -82.0
14.19 -67.0
21.58 -80.0
21.58 -79.0
21.58 -80.0
21.58 -80.0
21.58 -84.0
21.58 -79.0
21.58 -83.0
21.58 -81.0
21.58 -80.0
21.58 -79.0
21.58 -82.0
21.58 -82.0
21.58 -83.0
21.58 -74.0
21.58 -79.0
21.58 -87.0
21.58 -80.0
21.58 -85.0
21.58 -86.0
21.58 -81.0
9.08 -63.0
9.08 -56.0
9.08 -63.0
9.08 -58.0
9.08 -62.0
9.08 -60.0
9.08 -59.0
9.08 -58.0
9.08 -63.0
9.08 -63.0
9.08 -60.0
9.08 -61.0
9.08 -60.0
9.08 -60.0
9.08 -60.0
9.08 -63.0
9.08 -56.0
9.08 -60.0
9.08 -54.0
9.08 -55.0
9.98 -68.0
9.98 -66.0
9.98 -68.0
9.98 -69.0
9.98 -64.0
9.98 -74.0
9.98 -67.0
9.98 -69.0
9.98 -66.0
9.98 -68.0
9.98 -68.0
9.98 -67.0
9.98 -72.0
9.98 -67.0
9.98 -68.0
9.98 -68.0
9.98 -69.0
9.98 -69.0
9.98 -68.0
19.28 -90.0
19.28 -91.0
19.28 -92.0
19.28 -91.0
19.28 -91.0
19.28 -90.0
19.28 -89.0
19.28 -89.0
19.28 -93.0
19.28 -88.0
19.28 -92.0
19.28 -92.0
19.28 -92.0
19.28 -92.0
19.28 -92.0
13.98 -81.0
13.98 -71.0
13.98 -67.0
13.98 -68.0
13.98 -69.0
13.98 -79.0
13.98 -71.0
13.98 -72.0
13.98 -86.0
13.98 -77.0
13.98 -77.0
13.98 -76.0
13.98 -69.0
13.98 -73.0
13.98 -76.0
13.98 -83.0
13.98 -71.0
13.98 -74.0
13.98 -68.0
13.98 -69.0
13.98 -69.0
13.98 -72.0
13.98 -69.0
13.98 -64.0
10.65 -65.0
10.65 -68.0
10.65 -67.0
10.65 -67.0
10.65 -65.0
10.65 -65.0
10.65 -65.0
10.65 -66.0
10.65 -65.0
10.65 -65.0
10.65 -65.0
10.65 -65.0
10.65 -66.0
10.65 -65.0
10.65 -65.0
10.65 -63.0
10.65 -65.0
10.65 -68.0
10.65 -69.0
10.65 -64.0
10.65 -64.0
24.79 -84.0
24.79 -84.0
24.79 -86.0
24.79 -85.0
24.79 -86.0
24.79 -85.0
24.79 -83.0
24.79 -86.0
24.79 -81.0
24.79 -87.0
24.79 -89.0
24.79 -81.0
24.79 -85.0
24.79 -83.0
24.79 -81.0
24.79 -83.0
24.79 -88.0
24.79 -83.0
24.79 -89.0
24.79 -84.0
24.79 -82.0
24.79 -84.0
24.79 -86.0
24.79 -80.0
23.44 -91.0
7.7 -53.0
7.7 -50.0
7.7 -56.0
7.7 -57.0
7.7 -59.0
7.7 -57.0
7.7 -55.0
7.7 -62.0
7.7 -49.0
7.7 -55.0
7.7 -50.0
7.7 -49.0
7.7 -58.0
7.7 -57.0
7.7 -51.0
7.7 -51.0
7.7 -55.0
7.7 -49.0
7.03 -60.0
7.03 -57.0
7.03 -60.0
7.03 -59.0
7.03 -60.0
7.03 -60.0
7.03 -58.0
7.03 -59.0
7.03 -60.0
7.03 -56.0
7.03 -61.0
7.03 -59.0
7.03 -60.0
7.03 -57.0
7.03 -58.0
7.03 -60.0
7.03 -65.0
7.03 -60.0
7.03 -59.0
7.03 -58.0
7.03 -60.0
7.03 -61.0
7.03 -60.0
13.71 -71.0
13.71 -80.0
13.71 -74.0
13.71 -81.0
13.71 -73.0
13.71 -77.0
13.71 -72.0
13.71 -72.0
13.71 -73.0
13.71 -79.0
13.71 -73.0
13.71 -78.0
13.71 -82.0
13.71 -74.0
13.71 -73.0
13.71 -80.0
13.71 -76.0
13.71 -70.0
13.71 -69.0
13.71 -70.0
13.71 -75.0
16.96 -76.0
16.96 -75.0
16.96 -77.0
16.96 -71.0
16.96 -77.0
16.96 -76.0
16.96 -76.0
16.96 -76.0
16.96 -76.0
16.96 -78.0
16.96 -74.0
16.96 -76.0
16.96 -76.0
16.96 -75.0
16.96 -75.0
16.96 -76.0
16.96 -71.0
16.96 -76.0
16.96 -77.0
16.96 -77.0
16.96 -76.0
24.46 -88.0
24.46 -90.0
24.46 -88.0
24.46 -87.0
24.46 -92.0
24.46 -88.0
24.46 -91.0
24.46 -88.0
24.46 -91.0
24.46 -90.0
24.46 -90.0
24.46 -87.0
24.46 -87.0
24.46 -87.0
24.46 -86.0
24.46 -86.0
24.46 -88.0
24.46 -87.0
24.46 -92.0
23.59 -90.0
23.59 -90.0
23.59 -90.0
23.59 -89.0
23.59 -90.0
23.59 -89.0
23.59 -92.0
23.59 -90.0
23.59 -89.0
23.59 -90.0
22.13 -90.0
22.13 -91.0
22.13 -90.0
22.13 -91.0
22.13 -92.0
22.13 -93.0
22.13 -89.0
22.13 -91.0
22.13 -91.0
22.13 -91.0
21.2 -77.0
21.2 -76.0
21.2 -75.0
21.2 -75.0
21.2 -75.0
21.2 -78.0
21.2 -76.0
21.2 -76.0
21.2 -77.0
21.2 -80.0
21.2 -86.0
21.2 -77.0
21.2 -86.0
21.2 -82.0
21.2 -75.0
21.2 -83.0
21.2 -76.0
21.2 -82.0
21.2 -81.0
21.2 -80.0
21.2 -84.0
21.2 -77.0
21.2 -75.0
9.37 -54.0
9.37 -55.0
9.37 -55.0
9.37 -55.0
9.37 -53.5
9.37 -53.0
9.37 -56.0
9.37 -55.0
9.37 -52.0
9.37 -53.0
9.37 -56.0
9.37 -52.0
9.37 -52.0
9.37 -52.0
9.37 -54.0
9.37 -55.0
9.37 -55.0
9.37 -54.0
9.37 -52.0
10.75 -62.0
10.75 -55.0
10.75 -54.0
10.75 -61.0
10.75 -53.0
10.75 -62.0
10.75 -63.0
10.75 -62.0
10.75 -62.0
10.75 -63.0
10.75 -53.0
10.75 -59.0
10.75 -58.0
10.75 -54.0
10.75 -63.0
10.75 -61.0
10.75 -55.0
10.75 -62.0
20.65 -80.0
20.65 -75.0
20.65 -80.0
20.65 -76.0
20.65 -76.0
20.65 -80.0
20.65 -75.0
20.65 -87.0
20.65 -76.0
20.65 -80.0
20.65 -78.0
20.65 -77.0
20.65 -75.0
20.65 -77.0
20.65 -78.0
20.65 -79.0
20.65 -72.0
20.65 -77.0
20.65 -79.0
20.65 -80.0
15.22 -79.0
15.22 -66.0
15.22 -75.0
15.22 -80.0
15.22 -66.0
15.22 -67.0
15.22 -67.0
15.22 -67.0
15.22 -72.0
15.22 -66.0
15.22 -68.0
15.22 -67.0
15.22 -67.0
15.22 -67.0
20.14 -78.0
20.14 -76.0
20.14 -77.0
20.14 -78.0
20.14 -76.0
20.14 -77.0
20.14 -79.0
20.14 -76.0
20.14 -74.0
20.14 -81.0
20.14 -78.0
20.14 -77.0
20.14 -76.0
20.14 -74.0
20.14 -81.0
20.14 -78.0
20.14 -79.0
20.14 -80.0
20.14 -81.0
20.14 -78.0
20.14 -77.0
20.14 -77.0
20.14 -78.0
20.14 -76.0
12.1 -66.5
12.1 -61.0
12.1 -64.0
12.1 -62.0
12.1 -64.0
12.1 -66.0
12.1 -68.0
12.1 -67.0
12.1 -69.0
12.1 -68.0
12.1 -61.0
12.1 -63.0
12.1 -65.0
12.1 -65.0
12.1 -61.0
12.1 -66.0
12.1 -68.0
12.1 -62.0
12.1 -62.0
12.1 -62.0
12.1 -66.0
20.97 -88.0
20.97 -87.0
20.97 -88.0
20.97 -88.0
20.97 -87.0
20.97 -88.0
20.97 -90.0
20.97 -87.0
20.97 -91.0
20.97 -91.0
20.97 -87.0
20.97 -90.0
20.97 -92.0
20.97 -92.0
20.97 -91.0
12.75 -67.0
12.75 -63.0
12.75 -81.0
12.75 -66.0
12.75 -72.0
12.75 -68.0
12.75 -66.0
12.75 -69.0
12.75 -67.0
12.75 -66.0
12.75 -67.0
12.75 -64.0
12.75 -67.0
12.75 -67.0
12.75 -66.0
12.75 -74.0
12.75 -69.0
12.75 -67.0
12.75 -65.0
12.75 -66.0
9.47 -69.0
9.47 -68.0
9.47 -70.0
9.47 -69.0
9.47 -68.0
9.47 -62.0
9.47 -68.0
9.47 -68.0
9.47 -68.0
9.47 -68.0
9.47 -68.0
9.47 -65.0
9.47 -68.0
9.47 -69.0
9.47 -70.0
9.47 -68.0
9.47 -68.0
9.47 -68.0
9.47 -66.0
9.47 -68.0
9.47 -68.0
9.47 -65.0
9.47 -68.0
23.56 -85.0
23.56 -90.0
23.56 -86.0
23.56 -85.0
23.56 -85.0
23.56 -84.0
23.56 -84.0
23.56 -84.0
23.56 -85.0
23.56 -83.0
23.56 -83.0
23.56 -88.0
23.56 -85.0
23.56 -90.0
23.56 -86.0
23.56 -84.0
23.56 -85.0
23.56 -86.0
23.56 -86.0
23.56 -88.0
23.56 -87.0
12.42 -73.0
12.42 -67.0
12.42 -60.0
12.42 -65.0
12.42 -62.0
12.42 -59.0
12.42 -62.0
12.42 -65.0
12.42 -57.0
12.42 -61.0
12.42 -64.0
12.42 -60.0
12.42 -60.0
12.42 -61.0
12.42 -62.0
12.42 -59.0
12.42 -62.0
12.42 -61.0
12.42 -64.0
12.42 -61.0
7.9 -58.0
7.9 -52.0
7.9 -53.0
7.9 -54.0
7.9 -53.0
7.9 -55.5
7.9 -54.0
7.9 -59.0
7.9 -56.0
7.9 -58.0
7.9 -59.0
7.9 -58.0
7.9 -69.0
7.9 -53.0
7.9 -59.0
7.9 -57.0
7.9 -66.0
7.9 -53.0
7.85 -75.0
7.85 -60.0
7.85 -60.0
7.85 -57.0
7.85 -58.0
7.85 -60.0
7.85 -61.0
7.85 -57.0
7.85 -61.0
7.85 -61.0
7.85 -63.0
7.85 -61.0
7.85 -58.0
7.85 -61.0
7.85 -59.0
7.85 -58.0
7.85 -55.0
7.85 -61.0
7.85 -58.0
7.85 -61.0
7.85 -59.0
19.5 -90.0
19.5 -88.0
19.5 -89.0
19.5 -90.0
19.5 -89.0
19.5 -89.0
19.5 -88.0
19.5 -88.0
19.5 -90.0
19.5 -91.0
19.5 -89.0
19.5 -88.0
19.5 -87.0
19.5 -89.0
13.21 -75.0
13.21 -71.0
13.21 -68.0
13.21 -71.0
13.21 -68.0
13.21 -68.0
13.21 -68.0
13.21 -68.0
13.21 -67.0
13.21 -67.0
13.21 -67.0
13.21 -66.0
13.21 -79.0
13.21 -67.0
13.21 -71.0
13.21 -71.0
13.21 -70.0
13.21 -74.0
13.21 -66.0
13.21 -76.0
13.21 -66.0
13.21 -67.0
13.21 -72.0
13.21 -68.0
24.0 -86.0
24.0 -82.0
24.0 -82.0
24.0 -81.0
24.0 -84.0
24.0 -83.0
24.0 -83.0
24.0 -89.0
24.0 -82.0
24.0 -82.0
24.0 -95.0
24.0 -85.0
24.0 -86.0
24.0 -85.0
24.0 -87.0
24.0 -83.0
24.0 -85.0
24.0 -82.0
24.0 -85.0
24.0 -81.0
24.0 -80.0
24.19 -91.0
24.19 -92.0
24.19 -91.0
19.74 -82.0
19.74 -79.0
19.74 -81.0
19.74 -85.0
19.74 -80.0
19.74 -80.0
19.74 -83.0
19.74 -77.0
19.74 -85.0
19.74 -77.0
19.74 -80.0
19.74 -83.0
19.74 -80.0
19.74 -77.0
19.74 -77.0
19.74 -80.0
19.74 -82.0
19.74 -80.0
19.74 -80.0
19.74 -87.0
6.2 -61.0
6.2 -61.0
6.2 -61.0
6.2 -53.0
6.2 -53.0
6.2 -62.0
6.2 -52.0
6.2 -61.0
6.2 -63.0
6.2 -62.0
6.2 -53.0
6.2 -62.0
6.2 -61.0
6.2 -61.0
6.2 -62.0
6.2 -62.0
6.2 -54.0
6.2 -61.0
6.2 -62.0
6.2 -62.0
6.2 -53.0
21.28 -92.0
21.28 -93.0
21.28 -91.0
21.28 -92.0
21.28 -93.0
21.28 -91.0
21.28 -90.0
21.28 -92.0
21.28 -93.0
21.28 -91.0
21.28 -93.0
21.28 -90.0
21.28 -90.0
21.28 -92.0
21.28 -94.0
19.38 -71.0
19.38 -82.0
19.38 -79.0
19.38 -76.0
19.38 -74.0
19.38 -71.0
19.38 -83.0
19.38 -73.0
19.38 -75.0
19.38 -81.0
19.38 -83.0
19.38 -79.0
19.38 -76.0
19.38 -77.0
19.38 -78.0
19.38 -85.0
19.38 -76.0
19.38 -77.0
19.38 -77.0
19.38 -77.0
19.38 -75.0
26.43 -91.0
26.43 -92.0
26.43 -93.0
26.43 -92.0
20.91 -78.0
20.91 -85.0
20.91 -87.0
20.91 -81.0
20.91 -80.0
20.91 -81.0
20.91 -81.0
20.91 -78.0
20.91 -81.0
20.91 -86.0
20.91 -79.0
20.91 -79.0
20.91 -83.0
20.91 -83.0
20.91 -83.0
20.91 -80.0
20.91 -82.0
20.91 -84.0
20.91 -83.0
20.91 -79.0
20.91 -82.0
20.91 -82.0
20.91 -83.0
20.91 -82.0
