9.52 -71.0
9.52 -69.0
9.52 -75.0
9.52 -71.0
9.52 -70.0
9.52 -69.0
9.52 -69.0
9.52 -70.0
9.52 -71.0
9.52 -72.0
9.52 -71.0
9.52 -71.0
9.52 -71.0
9.52 -69.0
9.52 -70.0
9.52 -69.0
9.52 -69.0
9.52 -75.0
9.52 -71.0
9.52 -70.0
9.52 -71.0
9.52 -70.0
9.52 -67.0
12.33 -69.0
12.33 -72.0
12.33 -68.0
12.33 -68.0
12.33 -68.0
12.33 -69.0
12.33 -70.0
12.33 -70.0
12.33 -69.0
12.33 -69.0
12.33 -68.0
12.33 -68.0
12.33 -68.0
12.33 -69.0
12.33 -72.0
12.33 -68.0
12.33 -70.0
12.33 -69.0
12.33 -70.0
12.33 -70.0
12.33 -68.0
12.33 -71.0
12.33 -67.0
12.33 -71.0
12.33 -71.0
24.03 -85.0
24.03 -88.0
24.03 -86.0
24.03 -83.0
24.03 -86.0
24.03 -84.0
24.03 -86.0
24.03 -85.0
24.03 -84.0
24.03 -86.0
24.03 -85.0
24.03 -85.0
24.03 -86.0
24.03 -83.0
24.03 -86.0
24.03 -85.0
24.03 -85.0
24.03 -84.0
24.03 -85.0
24.03 -82.0
24.03 -85.0
8.37 -66.0
8.37 -62.0
8.37 -58.0
8.37 -61.0
8.37 -58.0
8.37 -63.0
8.37 -59.0
8.37 -62.0
8.37 -58.0
8.37 -65.0
8.37 -59.0
8.37 -59.0
8.37 -65.0
8.37 -67.0
8.37 -59.0
8.37 -59.0
8.37 -58.0
8.37 -61.0
8.37 -56.0
8.37 -61.0
8.37 -55.0
8.37 -62.0
8.37 -65.0
8.37 -64.0
8.37 -62.0
28.11 -77.0
28.11 -79.0
28.11 -80.0
28.11 -74.0
28.11 -77.0
28.11 -73.0
28.11 -76.0
28.11 -78.0
28.11 -75.0
28.11 -75.0
28.11 -78.0
28.11 -78.0
28.11 -77.0
28.11 -77.0
28.11 -79.0
28.11 -74.0
28.11 -77.0
28.11 -76.0
28.11 -80.0
28.11 -74.0
28.11 -77.0
28.11 -74.0
22.95 -93.0
22.95 -92.0
22.95 -93.0
22.95 -93.0
22.95 -93.0
25.01 -83.0
25.01 -83.0
25.01 -81.0
25.01 -80.0
25.01 -81.0
25.01 -82.0
25.01 -82.0
25.01 -85.0
25.01 -81.0
25.01 -83.5
25.01 -82.0
25.01 -80.0
25.01 -84.0
25.01 -84.0
25.01 -81.0
25.01 -83.5
25.01 -84.0
25.01 -85.0
25.01 -84.0
25.01 -83.0
25.01 -86.0
16.49 -74.0
16.49 -68.0
16.49 -73.0
16.49 -72.0
16.49 -68.0
16.49 -69.0
16.49 -72.0
16.49 -73.0
16.49 -71.0
16.49 -72.0
16.49 -70.0
16.49 -71.0
16.49 -69.0
16.49 -74.0
16.49 -72.0
16.49 -73.0
16.49 -72.0
16.49 -76.0
16.49 -70.0
16.49 -74.0
16.49 -68.0
16.49 -71.0
6.93 -64.0
6.93 -58.0
6.93 -63.0
6.93 -62.0
6.93 -65.0
6.93 -62.0
6.93 -73.0
6.93 -62.0
6.93 -65.0
6.93 -63.0
6.93 -62.0
6.93 -59.0
6.93 -64.0
6.93 -64.0
6.93 -63.0
6.93 -65.0
6.93 -63.0
6.93 -68.0
6.93 -68.0
6.93 -65.0
6.93 -63.0
6.93 -62.0
6.93 -67.0
6.93 -69.0
23.42 -68.0
23.42 -70.0
23.42 -70.0
23.42 -70.0
23.42 -68.0
23.42 -70.0
23.42 -70.0
23.42 -70.0
23.42 -67.0
23.42 -69.0
23.42 -70.0
23.42 -72.0
23.42 -69.0
23.42 -70.0
23.42 -70.0
23.42 -68.0
23.42 -68.0
23.42 -70.0
23.42 -68.0
23.42 -69.0
23.42 -71.0
23.42 -69.0
23.42 -67.0
11.75 -73.0
11.75 -71.0
11.75 -72.0
11.75 -72.0
11.75 -73.0
11.75 -73.0
11.75 -71.0
11.75 -72.0
11.75 -72.0
11.75 -69.0
11.75 -69.0
11.75 -74.0
11.75 -68.0
11.75 -71.0
11.75 -70.0
11.75 -70.0
11.75 -72.0
11.75 -71.0
11.75 -74.0
11.75 -71.0
11.75 -72.0
11.75 -71.0
18.24 -93.0
18.24 -92.0
18.24 -89.0
18.24 -90.0
18.24 -89.0
18.24 -89.0
18.24 -87.0
18.24 -87.0
18.24 -90.0
18.24 -93.0
18.24 -89.0
18.24 -90.0
18.24 -91.0
18.24 -94.0
16.5 -76.0
16.5 -79.0
16.5 -79.0
16.5 -77.0
16.5 -80.0
16.5 -80.0
16.5 -79.0
16.5 -77.0
16.5 -80.0
16.5 -76.0
16.5 -79.0
16.5 -78.0
16.5 -79.0
16.5 -78.0
16.5 -78.0
16.5 -78.0
16.5 -74.0
16.5 -78.0
16.5 -79.0
16.5 -79.0
27.87 -74.0
27.87 -75.0
27.87 -74.0
27.87 -78.0
27.87 -72.0
27.87 -76.0
27.87 -74.0
27.87 -73.0
27.87 -74.0
27.87 -72.0
27.87 -76.0
27.87 -74.0
27.87 -72.0
27.87 -79.0
27.87 -76.0
27.87 -75.0
27.87 -74.0
27.87 -72.0
27.87 -75.0
27.87 -80.0
27.87 -75.0
27.87 -74.0
27.87 -80.0
9.72 -73.0
9.72 -69.0
9.72 -69.0
9.72 -72.0
9.72 -70.0
9.72 -70.0
9.72 -73.0
9.72 -70.0
9.72 -69.0
9.72 -70.0
9.72 -69.0
9.72 -71.0
9.72 -74.0
9.72 -69.0
9.72 -73.0
9.72 -72.0
9.72 -70.0
9.72 -69.0
9.72 -73.0
9.72 -69.0
9.72 -64.0
9.72 -72.0
9.72 -74.0
9.72 -70.0
23.56 -80.0
23.56 -80.0
23.56 -79.0
23.56 -82.0
23.56 -83.0
23.56 -80.0
23.56 -79.0
23.56 -78.0
23.56 -82.0
23.56 -82.0
23.56 -83.0
23.56 -81.0
23.56 -80.0
23.56 -81.0
23.56 -79.0
23.56 -82.0
23.56 -79.0
23.56 -82.0
23.56 -78.0
23.56 -81.0
16.07 -67.0
16.07 -67.0
16.07 -73.0
16.07 -69.0
16.07 -66.0
16.07 -70.0
16.07 -69.0
16.07 -70.0
16.07 -66.0
16.07 -67.0
16.07 -70.0
16.07 -69.0
16.07 -66.0
16.07 -67.0
16.07 -69.0
16.07 -68.0
16.07 -68.0
16.07 -67.0
16.07 -71.0
16.07 -69.0
16.07 -72.0
16.07 -67.0
16.07 -66.0
16.07 -67.0
26.64 -72.0
26.64 -76.0
26.64 -76.0
26.64 -75.0
26.64 -79.0
26.64 -74.0
26.64 -75.0
26.64 -79.0
26.64 -72.0
26.64 -76.0
26.64 -75.0
26.64 -77.0
26.64 -73.0
26.64 -77.0
26.64 -80.0
26.64 -75.0
26.64 -73.0
26.64 -77.0
26.64 -75.0
26.64 -79.0
26.64 -77.0
26.64 -75.5
26.64 -73.0
15.2 -78.0
15.2 -77.0
15.2 -75.0
15.2 -74.0
15.2 -74.0
15.2 -80.0
15.2 -75.0
15.2 -75.0
15.2 -72.0
15.2 -76.0
15.2 -75.0
15.2 -76.0
15.2 -75.0
15.2 -77.0
15.2 -79.0
15.2 -75.0
15.2 -78.0
15.2 -77.0
15.2 -75.0
15.2 -73.0
15.2 -76.0
15.2 -79.0
15.2 -75.0
15.2 -76.0
23.26 -89.0
23.26 -89.0
23.26 -89.0
23.26 -89.0
23.26 -89.0
8.51 -68.0
8.51 -68.0
8.51 -68.0
8.51 -68.0
8.51 -69.0
8.51 -68.0
8.51 -67.0
8.51 -68.0
8.51 -76.0
8.51 -68.0
8.51 -67.0
8.51 -69.0
8.51 -67.0
8.51 -67.0
8.51 -68.0
8.51 -67.0
8.51 -68.0
8.51 -68.0
8.51 -66.0
8.51 -68.0
8.51 -78.0
8.51 -62.0
8.51 -67.0
15.08 -67.0
15.08 -70.0
15.08 -66.0
15.08 -64.0
15.08 -67.0
15.08 -66.0
15.08 -66.0
15.08 -66.0
15.08 -70.0
15.08 -63.0
15.08 -65.0
15.08 -67.0
15.08 -63.0
15.08 -67.0
15.08 -66.0
15.08 -65.0
15.08 -67.0
15.08 -68.0
15.08 -68.0
15.08 -67.0
15.08 -65.0
15.08 -65.0
15.08 -65.0
15.08 -67.0
15.08 -68.0
22.62 -78.0
22.62 -79.0
22.62 -76.0
22.62 -78.0
22.62 -84.0
22.62 -81.0
22.62 -83.0
22.62 -78.0
22.62 -79.0
22.62 -79.0
22.62 -77.0
22.62 -78.0
22.62 -78.0
22.62 -75.0
22.62 -83.5
22.62 -79.0
22.62 -76.0
22.62 -80.0
22.62 -74.0
8.87 -60.0
8.87 -55.0
8.87 -63.0
8.87 -55.0
8.87 -58.0
8.87 -56.0
8.87 -57.0
8.87 -61.0
8.87 -56.0
8.87 -56.0
8.87 -55.0
8.87 -56.0
8.87 -55.0
8.87 -67.0
8.87 -57.0
8.87 -56.0
8.87 -56.0
8.87 -56.0
8.87 -56.0
8.87 -55.0
8.87 -55.0
8.87 -56.0
8.87 -55.0
8.87 -55.0
8.87 -56.0
14.46 -76.0
14.46 -75.0
14.46 -81.0
14.46 -78.0
14.46 -73.0
14.46 -76.0
14.46 -79.0
14.46 -71.0
14.46 -75.0
14.46 -76.0
14.46 -73.0
14.46 -79.0
14.46 -75.0
14.46 -75.0
14.46 -77.0
14.46 -76.0
14.46 -75.0
14.46 -75.0
14.46 -74.0
14.46 -74.0
14.46 -74.0
14.46 -79.0
14.46 -74.0
14.46 -73.0
31.06 -78.0
31.06 -78.0
31.06 -81.0
31.06 -79.0
31.06 -77.0
31.06 -76.0
31.06 -78.0
31.06 -78.0
31.06 -77.0
31.06 -76.0
31.06 -73.0
31.06 -77.0
31.06 -78.0
31.06 -79.0
31.06 -79.0
31.06 -80.0
31.06 -78.0
31.06 -77.0
31.06 -77.0
31.06 -83.0
31.06 -79.0
31.06 -78.0
31.06 -80.0
21.48 -93.0
21.48 -91.0
21.48 -92.0
21.48 -89.0
21.48 -93.0
21.48 -91.0
21.48 -95.0
21.48 -94.0
21.48 -92.0
21.48 -92.0
21.48 -93.0
21.48 -90.0
21.48 -92.0
21.48 -93.0
8.97 -66.0
8.97 -67.0
8.97 -67.0
8.97 -67.0
8.97 -68.0
8.97 -63.0
8.97 -73.0
8.97 -73.0
8.97 -67.0
8.97 -65.0
8.97 -67.0
8.97 -72.33333333333333
8.97 -65.0
8.97 -68.0
8.97 -66.0
8.97 -72.0
8.97 -67.0
8.97 -71.0
8.97 -67.0
8.97 -65.0
18.13 -89.0
18.13 -90.0
18.13 -89.0
18.13 -85.0
18.13 -89.0
18.13 -89.0
18.13 -88.0
18.13 -89.0
18.13 -90.0
18.13 -90.0
18.13 -88.0
18.13 -87.0
18.13 -88.0
18.13 -87.0
18.13 -88.0
18.13 -89.0
18.13 -90.0
18.13 -89.0
18.13 -90.0
18.13 -89.0
18.13 -87.0
18.13 -87.0
18.13 -88.0
19.36 -74.0
19.36 -73.0
19.36 -72.0
19.36 -72.0
19.36 -69.0
19.36 -71.0
19.36 -71.0
19.36 -72.0
19.36 -73.0
19.36 -70.0
19.36 -73.0
19.36 -73.0
19.36 -71.0
19.36 -71.0
19.36 -70.0
19.36 -73.0
19.36 -71.5
19.36 -72.0
19.36 -69.0
19.36 -73.0
19.36 -72.0
19.36 -73.0
19.36 -71.0
7.53 -58.0
7.53 -67.0
7.53 -61.0
7.53 -62.0
7.53 -71.0
7.53 -66.0
7.53 -71.0
7.53 -63.0
7.53 -62.0
7.53 -71.0
7.53 -67.0
7.53 -70.0
7.53 -60.0
7.53 -72.0
7.53 -67.0
7.53 -67.0
7.53 -61.0
7.53 -66.0
7.53 -73.0
7.53 -67.0
7.53 -62.0
7.53 -71.0
7.53 -62.0
7.53 -63.0
26.38 -80.0
26.38 -78.0
26.38 -78.0
26.38 -77.0
26.38 -78.0
26.38 -78.0
26.38 -79.0
26.38 -80.0
26.38 -77.0
26.38 -78.0
26.38 -78.0
26.38 -77.0
26.38 -78.0
26.38 -78.0
26.38 -76.0
26.38 -79.0
26.38 -78.0
26.38 -79.0
26.38 -78.0
26.38 -79.0
26.38 -78.0
26.38 -77.0
26.38 -79.0
7.65 -63.0
7.65 -59.0
7.65 -61.0
7.65 -62.0
7.65 -64.0
7.65 -63.0
7.65 -62.0
7.65 -60.0
7.65 -64.0
7.65 -61.0
7.65 -62.0
7.65 -62.0
7.65 -62.0
7.65 -62.0
7.65 -63.0
7.65 -62.0
7.65 -62.0
7.65 -62.0
7.65 -59.0
7.65 -62.0
7.65 -61.0
7.65 -59.0
7.65 -62.0
7.65 -64.0
14.62 -68.0
14.62 -67.0
14.62 -68.0
14.62 -68.0
14.62 -69.0
14.62 -68.0
14.62 -69.0
14.62 -71.0
14.62 -69.0
14.62 -70.0
14.62 -70.0
14.62 -71.0
14.62 -70.0
14.62 -68.0
14.62 -68.0
14.62 -70.0
14.62 -70.0
14.62 -70.0
14.62 -69.0
14.62 -69.0
14.62 -69.0
14.62 -69.0
14.62 -67.0
18.82 -81.0
18.82 -78.0
18.82 -81.0
18.82 -78.0
18.82 -81.0
18.82 -85.0
18.82 -85.0
18.82 -80.0
18.82 -80.0
18.82 -81.0
18.82 -79.0
18.82 -80.0
18.82 -81.0
18.82 -85.0
18.82 -80.0
18.82 -79.0
18.82 -85.0
18.82 -80.0
18.82 -80.0
18.82 -82.0
21.22 -76.0
21.22 -74.0
21.22 -82.0
21.22 -74.0
21.22 -78.5
21.22 -77.0
21.22 -76.0
21.22 -77.0
21.22 -74.0
21.22 -78.0
21.22 -75.0
21.22 -76.0
21.22 -77.0
21.22 -74.0
21.22 -76.0
21.22 -76.0
21.22 -76.0
21.22 -77.0
21.22 -77.0
21.22 -75.0
21.22 -79.0
21.22 -74.0
30.84 -81.0
30.84 -87.0
30.84 -82.0
30.84 -85.0
30.84 -81.0
30.84 -81.0
30.84 -86.0
30.84 -81.5
30.84 -82.0
30.84 -81.0
30.84 -81.0
30.84 -82.0
30.84 -81.0
30.84 -84.0
30.84 -82.0
30.84 -81.0
30.84 -81.0
30.84 -80.0
30.84 -85.0
30.84 -81.0
30.84 -82.0
20.0 -91.0
20.0 -92.0
20.0 -92.0
20.0 -91.0
20.0 -91.0
20.0 -91.0
20.0 -92.0
20.0 -91.0
20.0 -91.0
20.0 -91.0
20.0 -89.0
20.0 -92.0
20.0 -92.0
20.0 -90.0
20.0 -92.0
20.0 -91.0
20.0 -92.0
20.0 -93.0
20.0 -91.0
20.0 -94.0
20.0 -92.0
22.13 -82.0
22.13 -82.0
22.13 -81.0
22.13 -78.0
22.13 -81.0
22.13 -77.0
22.13 -79.0
22.13 -80.0
22.13 -82.0
22.13 -81.0
22.13 -82.0
22.13 -77.0
22.13 -81.0
22.13 -77.0
22.13 -85.0
22.13 -78.0
22.13 -82.0
22.13 -78.0
22.13 -83.0
22.13 -82.0
22.13 -82.0
22.13 -77.0
22.13 -80.0
18.99 -72.0
18.99 -71.5
18.99 -74.0
18.99 -74.0
18.99 -75.0
18.99 -73.0
18.99 -73.0
18.99 -73.0
18.99 -74.0
18.99 -72.0
18.99 -72.0
18.99 -73.0
18.99 -74.0
18.99 -73.0
18.99 -72.0
18.99 -72.0
18.99 -72.0
18.99 -72.0
18.99 -73.0
18.99 -73.0
18.99 -73.0
18.99 -70.0
18.99 -72.0
29.59 -77.0
29.59 -82.0
29.59 -80.0
29.59 -80.0
29.59 -80.0
29.59 -80.0
29.59 -79.0
29.59 -80.0
29.59 -79.0
29.59 -81.0
29.59 -77.0
29.59 -73.0
29.59 -81.0
29.59 -81.0
29.59 -81.0
29.59 -80.0
29.59 -78.0
29.59 -82.0
29.59 -75.0
29.59 -79.0
13.96 -76.0
13.96 -70.0
13.96 -71.0
13.96 -69.0
13.96 -69.0
13.96 -68.66666666666667
13.96 -69.0
13.96 -71.0
13.96 -71.0
13.96 -72.0
13.96 -71.0
13.96 -70.0
13.96 -69.0
13.96 -70.0
13.96 -71.0
13.96 -69.0
13.96 -70.0
13.96 -70.0
13.96 -72.0
13.96 -69.0
13.96 -70.0
13.96 -71.0
17.92 -72.0
17.92 -76.0
17.92 -73.0
17.92 -73.0
17.92 -72.0
17.92 -72.0
17.92 -75.0
17.92 -72.0
17.92 -71.0
17.92 -74.0
17.92 -71.0
17.92 -71.0
17.92 -73.0
17.92 -75.0
17.92 -74.0
17.92 -73.0
17.92 -72.0
17.92 -74.0
17.92 -72.0
17.92 -72.0
17.92 -71.0
17.92 -72.0
17.92 -74.0
17.92 -73.0
13.14 -72.0
13.14 -71.0
13.14 -71.0
13.14 -72.0
13.14 -73.0
13.14 -70.0
13.14 -72.0
13.14 -71.0
13.14 -73.0
13.14 -71.0
13.14 -71.0
13.14 -72.0
13.14 -74.0
13.14 -70.0
13.14 -73.0
13.14 -72.0
13.14 -70.0
13.14 -70.0
21.14 -92.0
21.14 -92.0
21.14 -93.0
21.14 -93.0
21.14 -93.0
21.14 -91.0
21.14 -92.0
21.14 -94.0
21.14 -93.0
22.72 -88.0
22.72 -89.0
22.72 -92.0
22.72 -91.0
22.72 -92.0
22.72 -92.0
22.72 -90.0
22.72 -91.0
22.72 -90.0
22.72 -92.0
22.72 -91.0
22.72 -91.0
22.72 -89.0
22.72 -92.0
22.72 -91.0
22.72 -90.0
22.72 -93.0
28.3 -83.0
28.3 -81.0
28.3 -83.0
28.3 -87.0
28.3 -91.0
28.3 -88.0
28.3 -91.0
28.3 -88.0
28.3 -91.0
28.3 -86.0
28.3 -85.0
28.3 -88.0
28.3 -86.0
28.3 -85.0
28.3 -84.0
28.3 -88.0
28.3 -83.0
28.3 -86.0
28.3 -81.0
28.3 -83.0
28.3 -88.0
28.3 -87.0
28.3 -81.0
28.3 -80.0
28.3 -89.0
8.44 -62.0
8.44 -61.0
8.44 -61.0
8.44 -60.0
8.44 -66.0
8.44 -59.0
8.44 -62.0
8.44 -60.0
8.44 -62.0
8.44 -62.5
8.44 -59.0
8.44 -60.0
8.44 -61.0
8.44 -62.0
8.44 -61.0
8.44 -61.0
8.44 -63.0
8.44 -63.0
8.44 -66.0
8.44 -61.0
8.44 -60.0
8.44 -68.0
8.44 -62.0
8.44 -60.0
18.47 -91.0
18.47 -87.0
18.47 -87.0
18.47 -90.0
18.47 -89.0
18.47 -90.0
18.47 -91.0
18.47 -91.0
18.47 -90.0
18.47 -89.0
18.47 -90.0
18.47 -88.0
18.47 -86.0
20.7 -88.0
20.7 -83.0
20.7 -84.0
20.7 -87.0
20.7 -87.0
20.7 -83.0
20.7 -84.0
20.7 -83.0
20.7 -85.0
20.7 -87.0
20.7 -81.0
20.7 -83.0
20.7 -83.0
20.7 -83.0
20.7 -80.0
20.7 -82.0
20.7 -85.0
20.7 -82.0
20.7 -83.0
20.7 -83.0
20.7 -85.0
20.7 -86.0
20.7 -80.0
22.25 -69.0
22.25 -71.0
22.25 -70.0
22.25 -72.0
22.25 -71.0
22.25 -70.0
22.25 -70.0
22.25 -68.0
22.25 -72.0
22.25 -71.0
22.25 -69.0
22.25 -71.0
22.25 -72.0
22.25 -83.0
22.25 -70.0
22.25 -71.0
22.25 -72.0
22.25 -71.0
22.25 -71.0
22.25 -70.0
22.25 -70.0
22.25 -70.0
22.25 -69.0
29.35 -77.0
29.35 -76.0
29.35 -73.0
29.35 -75.0
29.35 -78.0
29.35 -78.0
29.35 -78.0
29.35 -70.0
29.35 -77.0
29.35 -76.0
29.35 -78.0
29.35 -75.0
29.35 -76.0
29.35 -78.0
29.35 -77.0
29.35 -78.0
29.35 -78.0
29.35 -77.0
29.35 -77.0
29.35 -74.0
29.35 -73.0
29.35 -77.0
29.35 -75.0
12.77 -66.0
12.77 -65.0
12.77 -75.0
12.77 -65.0
12.77 -65.0
12.77 -63.0
12.77 -63.0
12.77 -67.0
12.77 -67.0
12.77 -67.0
12.77 -64.0
12.77 -71.0
12.77 -65.0
12.77 -63.0
12.77 -64.0
12.77 -65.0
12.77 -66.0
12.77 -65.0
12.77 -64.0
12.77 -66.0
12.77 -64.0
11.0 -65.0
11.0 -68.0
11.0 -74.0
11.0 -67.0
11.0 -69.0
11.0 -68.0
11.0 -69.0
11.0 -66.0
11.0 -66.0
11.0 -67.0
11.0 -66.0
11.0 -66.0
11.0 -66.0
11.0 -71.0
11.0 -69.0
11.0 -67.0
11.0 -72.0
11.0 -73.0
11.0 -67.0
11.0 -66.0
11.0 -70.0
11.0 -66.0
11.0 -66.0
11.0 -68.0
7.01 -63.0
7.01 -62.0
7.01 -63.0
7.01 -62.0
7.01 -64.0
7.01 -61.0
7.01 -63.0
7.01 -59.0
7.01 -59.0
7.01 -64.0
7.01 -62.0
7.01 -62.0
7.01 -63.0
7.01 -60.0
7.01 -68.0
7.01 -60.0
7.01 -63.0
7.01 -67.0
7.01 -62.0
7.01 -62.0
7.01 -59.0
7.01 -60.0
7.01 -63.0
7.01 -64.0
17.53 -75.0
17.53 -74.0
17.53 -81.0
17.53 -79.0
17.53 -77.0
17.53 -80.0
17.53 -73.0
17.53 -77.0
17.53 -78.0
17.53 -77.0
17.53 -77.0
17.53 -77.0
17.53 -77.0
17.53 -78.0
17.53 -80.0
17.53 -78.0
17.53 -77.0
17.53 -79.0
17.53 -79.5
17.53 -75.0
17.53 -77.0
17.53 -75.0
19.85 -88.0
19.85 -85.0
19.85 -80.0
19.85 -82.0
19.85 -84.0
19.85 -81.0
19.85 -81.0
19.85 -84.0
19.85 -83.0
19.85 -85.0
19.85 -83.0
19.85 -81.0
19.85 -84.0
19.85 -82.0
19.85 -83.0
19.85 -81.0
19.85 -82.0
19.85 -83.0
19.85 -81.0
19.85 -82.0
19.85 -85.0
19.85 -82.0
19.85 -82.0
19.85 -82.0
19.85 -80.0
11.87 -76.0
11.87 -73.0
11.87 -73.0
11.87 -75.0
11.87 -74.0
11.87 -73.0
11.87 -75.0
11.87 -67.0
11.87 -74.5
11.87 -78.0
11.87 -73.0
11.87 -75.0
11.87 -74.0
11.87 -73.0
11.87 -74.0
11.87 -75.0
11.87 -74.0
11.87 -74.0
11.87 -74.0
11.87 -73.0
11.87 -74.0
11.87 -74.0
19.64 -93.0
26.87 -81.0
26.87 -81.0
26.87 -86.0
26.87 -85.0
26.87 -84.0
26.87 -83.0
26.87 -83.0
26.87 -84.0
26.87 -83.0
26.87 -85.0
26.87 -85.0
26.87 -85.0
26.87 -84.0
26.87 -86.0
26.87 -84.0
26.87 -84.0
26.87 -84.0
26.87 -83.0
26.87 -85.0
26.87 -84.0
26.87 -83.0
26.87 -82.0
26.87 -84.0
8.14 -63.0
8.14 -62.0
8.14 -59.0
8.14 -63.0
8.14 -61.0
8.14 -65.0
8.14 -63.0
8.14 -60.0
8.14 -62.0
8.14 -61.0
8.14 -62.0
8.14 -63.0
8.14 -62.0
8.14 -61.0
8.14 -67.0
8.14 -65.0
8.14 -62.0
8.14 -61.0
8.14 -64.0
8.14 -65.0
8.14 -67.0
8.14 -61.0
8.14 -62.0
21.94 -71.0
21.94 -69.0
21.94 -69.0
21.94 -69.0
21.94 -70.0
21.94 -70.0
21.94 -70.0
21.94 -69.0
21.94 -69.0
21.94 -68.0
21.94 -68.0
21.94 -69.0
21.94 -69.0
21.94 -76.0
21.94 -69.0
21.94 -69.0
21.94 -70.0
21.94 -70.0
21.94 -68.0
21.94 -69.0
21.94 -70.0
21.94 -71.0
32.54 -80.0
32.54 -72.0
32.54 -77.0
32.54 -77.0
32.54 -75.0
32.54 -77.0
32.54 -81.0
32.54 -82.0
32.54 -77.0
32.54 -80.0
32.54 -80.0
32.54 -84.0
32.54 -78.0
32.54 -80.0
32.54 -78.0
32.54 -78.0
32.54 -77.0
32.54 -76.0
32.54 -77.0
32.54 -74.0
32.54 -83.0
32.54 -77.0
32.54 -79.0
32.54 -80.5
21.26 -92.0
21.26 -94.0
21.26 -87.0
21.26 -91.0
21.26 -92.0
21.26 -93.0
21.26 -90.0
21.26 -90.0
22.63 -91.0
22.63 -92.0
22.63 -90.0
22.63 -92.0
27.91 -87.0
27.91 -90.0
27.91 -81.0
27.91 -90.0
27.91 -87.0
27.91 -86.0
27.91 -87.0
27.91 -90.0
27.91 -87.0
27.91 -91.0
27.91 -88.0
27.91 -87.0
27.91 -84.0
27.91 -86.0
27.91 -91.0
27.91 -89.0
27.91 -81.0
27.91 -86.0
27.91 -87.0
27.91 -84.0
27.91 -89.0
27.91 -90.0
10.35 -69.0
10.35 -67.0
10.35 -71.0
10.35 -73.0
10.35 -70.0
10.35 -69.0
10.35 -70.0
10.35 -68.0
10.35 -70.0
10.35 -66.0
10.35 -70.0
10.35 -71.0
10.35 -70.0
10.35 -69.0
10.35 -70.5
10.35 -69.0
10.35 -68.0
10.35 -67.0
10.35 -69.0
10.35 -67.0
10.35 -70.0
10.35 -71.0
10.35 -67.0
6.65 -58.0
6.65 -61.0
6.65 -58.0
6.65 -59.0
6.65 -56.0
6.65 -58.0
6.65 -58.0
6.65 -57.0
6.65 -63.0
6.65 -60.0
6.65 -60.0
6.65 -63.0
6.65 -60.0
6.65 -58.0
6.65 -57.0
6.65 -55.0
6.65 -60.0
6.65 -56.0
6.65 -59.0
6.65 -58.5
6.65 -57.0
6.65 -57.0
20.8 -73.0
20.8 -70.0
20.8 -69.0
20.8 -71.0
20.8 -69.0
20.8 -70.0
20.8 -73.0
20.8 -72.0
20.8 -71.0
20.8 -72.0
20.8 -72.0
20.8 -72.0
20.8 -72.0
20.8 -74.0
20.8 -72.0
20.8 -77.0
20.8 -72.0
20.8 -69.0
20.8 -71.0
20.8 -72.0
20.8 -72.0
20.8 -72.0
20.8 -72.0
20.8 -72.0
18.49 -81.0
18.49 -81.0
18.49 -78.0
18.49 -84.0
18.49 -85.0
18.49 -73.0
18.49 -81.0
18.49 -79.0
18.49 -82.0
18.49 -80.0
18.49 -77.0
18.49 -79.0
18.49 -79.0
18.49 -81.0
18.49 -83.0
18.49 -82.0
18.49 -84.0
18.49 -79.0
18.49 -79.0
18.49 -80.0
18.49 -82.0
18.49 -84.0
18.49 -82.0
23.19 -85.0
23.19 -87.0
23.19 -84.0
23.19 -87.0
23.19 -86.0
23.19 -85.0
23.19 -87.0
23.19 -86.0
23.19 -83.0
23.19 -87.0
23.19 -88.0
23.19 -84.0
23.19 -85.0
23.19 -88.0
23.19 -83.0
23.19 -87.0
23.19 -87.0
23.19 -83.0
23.19 -86.0
23.19 -88.0
23.19 -87.0
23.19 -84.0
23.19 -87.0
19.28 -79.0
19.28 -80.0
19.28 -85.0
19.28 -84.0
19.28 -79.0
19.28 -80.0
19.28 -79.0
19.28 -81.0
19.28 -83.0
19.28 -81.0
19.28 -81.0
19.28 -81.0
19.28 -85.0
19.28 -80.0
19.28 -77.0
19.28 -80.0
19.28 -84.0
19.28 -85.0
19.28 -80.0
19.28 -81.0
19.28 -82.0
19.28 -83.0
25.18 -77.0
25.18 -78.0
25.18 -76.0
25.18 -77.0
25.18 -75.5
25.18 -77.0
25.18 -78.0
25.18 -77.0
25.18 -77.0
25.18 -77.0
25.18 -79.0
25.18 -78.0
25.18 -74.0
25.18 -78.0
25.18 -81.0
25.18 -79.0
25.18 -80.0
25.18 -75.0
25.18 -77.0
25.18 -78.0
25.18 -76.0
25.18 -79.0
23.65 -92.0
23.65 -93.0
23.65 -93.0
32.33 -75.0
32.33 -82.0
32.33 -79.0
32.33 -79.0
32.33 -83.0
32.33 -79.0
32.33 -79.0
32.33 -80.0
32.33 -77.0
32.33 -79.0
32.33 -79.0
32.33 -77.5
32.33 -75.0
32.33 -79.0
32.33 -79.0
32.33 -81.0
32.33 -85.0
32.33 -79.0
32.33 -78.0
32.33 -77.0
32.33 -75.0
32.33 -81.0
32.33 -81.0
32.33 -83.0
11.64 -72.0
11.64 -64.0
11.64 -69.0
11.64 -68.0
11.64 -71.0
11.64 -68.0
11.64 -69.0
11.64 -69.0
11.64 -70.0
11.64 -67.0
11.64 -69.0
11.64 -68.0
11.64 -66.0
11.64 -67.0
11.64 -66.0
11.64 -70.0
11.64 -68.0
11.64 -70.0
11.64 -67.0
11.64 -67.0
11.64 -67.0
11.64 -73.0
19.77 -94.0
19.77 -94.0
19.77 -94.0
19.77 -93.0
19.77 -93.0
19.77 -93.0
19.77 -91.0
18.91 -93.0
18.91 -91.0
26.46 -80.0
26.46 -83.0
26.46 -83.0
26.46 -83.25
26.46 -84.0
26.46 -80.0
26.46 -84.0
26.46 -85.0
26.46 -85.0
26.46 -84.0
26.46 -85.0
26.46 -81.0
26.46 -83.0
26.46 -81.0
26.46 -82.0
26.46 -84.5
26.46 -83.0
26.46 -84.0
26.46 -84.0
26.46 -84.0
26.46 -80.0
26.46 -80.0
26.46 -84.0
26.46 -85.0
26.46 -85.0
13.69 -72.0
13.69 -70.0
13.69 -73.5
13.69 -70.0
13.69 -77.0
13.69 -68.0
13.69 -68.0
13.69 -70.0
13.69 -70.0
13.69 -77.0
13.69 -71.0
13.69 -75.0
13.69 -72.0
13.69 -72.0
13.69 -71.0
13.69 -74.0
13.69 -70.0
13.69 -68.0
13.69 -69.0
13.69 -67.0
13.69 -70.0
13.69 -75.0
13.69 -70.0
20.47 -66.0
20.47 -66.0
20.47 -67.0
20.47 -66.0
20.47 -67.0
20.47 -66.0
20.47 -69.0
20.47 -66.0
20.47 -66.0
20.47 -67.0
20.47 -67.0
20.47 -67.0
20.47 -72.5
20.47 -67.0
20.47 -66.0
20.47 -66.0
20.47 -69.0
20.47 -66.0
20.47 -65.0
20.47 -66.0
20.47 -67.0
20.47 -66.0
10.66 -77.0
10.66 -73.0
10.66 -73.0
10.66 -73.0
10.66 -74.0
10.66 -73.0
10.66 -80.0
10.66 -80.0
10.66 -72.5
10.66 -75.0
10.66 -79.5
10.66 -73.0
10.66 -77.0
10.66 -81.0
10.66 -78.0
10.66 -82.0
10.66 -75.0
10.66 -76.0
10.66 -73.0
10.66 -71.0
10.66 -73.0
10.66 -71.0
10.66 -78.0
18.14 -90.0
18.14 -92.0
18.14 -89.0
18.14 -91.0
18.14 -91.0
18.14 -92.0
18.14 -92.0
18.14 -90.0
18.14 -90.0
25.44 -79.0
25.44 -85.0
25.44 -79.0
25.44 -80.0
25.44 -77.0
25.44 -79.0
25.44 -82.0
25.44 -79.0
25.44 -82.0
25.44 -82.0
25.44 -82.0
25.44 -81.0
25.44 -80.0
25.44 -82.0
25.44 -82.0
25.44 -79.0
25.44 -86.0
25.44 -90.0
25.44 -86.0
25.44 -79.0
25.44 -80.0
25.44 -79.0
25.44 -80.0
25.44 -83.0
8.12 -62.0
8.12 -62.0
8.12 -57.0
8.12 -63.0
8.12 -65.0
8.12 -63.0
8.12 -62.0
8.12 -63.0
8.12 -60.0
8.12 -66.0
8.12 -59.0
8.12 -61.0
8.12 -64.0
8.12 -63.0
8.12 -62.0
8.12 -64.0
8.12 -60.0
8.12 -63.0
8.12 -62.0
8.12 -62.0
8.12 -63.0
8.12 -63.0
8.12 -63.0
8.12 -60.0
17.88 -87.0
17.88 -78.0
17.88 -79.0
17.88 -88.0
17.88 -81.0
17.88 -82.0
17.88 -79.0
17.88 -83.0
17.88 -78.0
17.88 -79.0
17.88 -79.0
17.88 -79.0
17.88 -86.0
17.88 -83.0
17.88 -82.0
17.88 -74.0
17.88 -81.0
17.88 -91.0
17.88 -76.0
17.88 -85.0
17.88 -90.0
24.9 -67.0
24.9 -68.0
24.9 -78.0
24.9 -69.0
24.9 -68.0
24.9 -68.0
24.9 -67.0
24.9 -67.0
24.9 -67.0
24.9 -68.0
24.9 -67.0
24.9 -67.0
24.9 -68.0
24.9 -66.0
24.9 -67.0
24.9 -70.0
24.9 -69.0
24.9 -66.0
24.9 -68.0
24.9 -68.0
24.9 -68.0
24.9 -68.0
24.9 -68.0
24.9 -66.0
24.9 -68.0
10.62 -71.0
10.62 -71.0
10.62 -71.0
10.62 -72.0
10.62 -71.0
10.62 -70.0
10.62 -70.0
10.62 -71.0
10.62 -70.0
10.62 -69.0
10.62 -71.0
10.62 -74.0
10.62 -73.0
10.62 -71.0
10.62 -70.0
10.62 -71.0
10.62 -71.0
10.62 -71.0
10.62 -70.0
10.62 -71.0
10.62 -72.0
10.62 -72.0
10.62 -68.0
22.9 -91.0
22.9 -91.0
22.9 -92.0
22.9 -88.0
22.9 -91.0
22.9 -91.0
22.9 -90.0
22.9 -91.0
22.9 -91.0
22.9 -91.0
22.9 -90.5
22.9 -92.0
22.9 -92.0
22.9 -92.0
13.18 -68.0
13.18 -69.0
13.18 -69.0
13.18 -66.0
13.18 -66.0
13.18 -67.0
13.18 -69.0
13.18 -67.0
13.18 -67.0
13.18 -69.0
13.18 -68.0
13.18 -70.0
13.18 -69.0
13.18 -68.0
13.18 -68.0
13.18 -67.0
13.18 -67.0
13.18 -67.0
13.18 -69.0
13.18 -68.0
13.18 -67.0
13.18 -68.0
13.18 -69.0
13.18 -68.0
13.18 -67.0
6.63 -63.0
6.63 -61.0
6.63 -59.0
6.63 -68.0
6.63 -66.0
6.63 -62.0
6.63 -65.0
6.63 -60.0
6.63 -63.0
6.63 -64.0
6.63 -58.0
6.63 -63.0
6.63 -61.0
6.63 -60.0
6.63 -62.0
6.63 -68.0
6.63 -63.0
6.63 -61.0
6.63 -64.0
6.63 -68.0
6.63 -61.0
6.63 -67.0
6.63 -62.0
6.63 -63.0
23.71 -72.0
23.71 -76.0
23.71 -78.0
23.71 -76.0
23.71 -76.0
23.71 -73.0
23.71 -75.0
23.71 -76.0
23.71 -76.0
23.71 -76.0
23.71 -77.0
23.71 -76.0
23.71 -76.0
23.71 -78.0
23.71 -74.0
23.71 -72.0
23.71 -76.0
23.71 -74.0
23.71 -75.0
23.71 -75.0
23.71 -75.0
17.15 -81.0
17.15 -80.0
17.15 -83.0
17.15 -78.0
17.15 -79.0
17.15 -80.0
17.15 -80.0
17.15 -77.0
17.15 -83.0
17.15 -78.5
17.15 -76.0
17.15 -81.0
17.15 -81.0
17.15 -82.0
17.15 -80.0
17.15 -79.0
17.15 -82.0
17.15 -78.0
17.15 -75.0
17.15 -78.0
17.15 -81.0
17.15 -78.0
