48.56 -91.0
48.56 -92.0
48.56 -91.0
48.56 -91.0
48.56 -90.0
48.56 -93.0
48.56 -91.0
48.56 -92.0
48.56 -91.0
48.56 -92.0
48.56 -92.0
48.56 -92.0
48.56 -90.0
27.83 -71.0
27.83 -67.0
27.83 -67.0
27.83 -68.0
27.83 -67.0
27.83 -68.0
27.83 -68.0
27.83 -67.0
27.83 -66.0
27.83 -66.0
27.83 -66.0
27.83 -67.0
27.83 -67.0
27.83 -67.0
27.83 -68.0
27.83 -67.0
27.83 -67.0
27.83 -74.0
27.83 -68.0
27.83 -68.0
27.83 -67.0
27.83 -67.0
27.83 -67.0
23.1 -62.0
23.1 -64.0
23.1 -64.0
23.1 -69.0
23.1 -64.0
23.1 -61.0
23.1 -61.0
23.1 -62.0
23.1 -64.0
23.1 -62.0
23.1 -63.0
23.1 -61.0
23.1 -62.0
23.1 -81.0
23.1 -66.0
23.1 -62.0
23.1 -62.0
23.1 -64.0
23.1 -62.0
23.1 -63.0
23.1 -63.0
23.1 -62.0
23.1 -63.0
23.1 -60.0
23.1 -63.0
35.91 -80.0
35.91 -82.0
35.91 -80.0
35.91 -80.0
35.91 -81.0
35.91 -78.0
35.91 -78.0
35.91 -77.0
35.91 -80.0
35.91 -80.0
35.91 -82.0
35.91 -79.0
35.91 -80.0
35.91 -80.0
35.91 -79.0
35.91 -83.0
35.91 -79.0
35.91 -78.0
35.91 -82.0
35.91 -79.0
35.91 -79.0
35.91 -80.0
35.91 -78.0
35.91 -77.0
58.96 -92.0
58.96 -91.0
58.96 -93.0
58.96 -93.0
24.2 -63.0
24.2 -63.0
24.2 -60.0
24.2 -61.0
24.2 -57.0
24.2 -61.0
24.2 -57.0
24.2 -60.0
24.2 -64.0
24.2 -58.0
24.2 -59.0
24.2 -61.0
24.2 -59.0
24.2 -61.0
24.2 -58.0
24.2 -59.0
24.2 -59.0
24.2 -60.0
24.2 -62.0
24.2 -58.0
24.2 -56.0
24.2 -58.0
24.2 -59.0
24.2 -59.0
10.43 -56.0
10.43 -54.0
10.43 -55.0
10.43 -54.0
10.43 -49.0
10.43 -58.0
10.43 -56.0
10.43 -81.0
10.43 -51.0
10.43 -57.0
10.43 -50.0
10.43 -51.0
10.43 -54.0
10.43 -56.0
10.43 -58.0
10.43 -52.0
10.43 -57.0
10.43 -55.0
10.43 -56.0
10.43 -51.0
10.43 -59.0
10.43 -55.0
10.43 -53.0
10.43 -55.0
10.43 -53.0
44.86 -91.0
44.86 -91.0
44.86 -86.0
44.86 -87.0
44.86 -88.0
44.86 -86.0
44.86 -87.0
44.86 -92.0
44.86 -87.0
44.86 -85.0
44.86 -89.5
44.86 -89.0
44.86 -89.0
44.86 -89.0
44.86 -86.0
44.86 -86.0
44.86 -86.0
44.86 -90.0
44.86 -88.0
44.86 -91.0
41.08 -87.0
41.08 -90.0
41.08 -91.0
41.08 -89.0
41.08 -90.0
41.08 -93.0
41.08 -91.0
41.08 -93.0
41.08 -92.0
41.08 -91.0
41.08 -92.0
41.08 -89.0
41.08 -90.0
41.08 -92.0
41.08 -89.0
41.08 -94.0
38.03 -79.0
38.03 -80.0
38.03 -80.0
38.03 -80.0
38.03 -80.0
38.03 -79.0
38.03 -80.0
38.03 -79.0
38.03 -79.0
38.03 -80.0
38.03 -81.0
38.03 -79.0
38.03 -87.0
38.03 -79.0
38.03 -80.0
38.03 -81.0
38.03 -80.0
38.03 -79.0
38.03 -80.0
38.03 -79.0
38.03 -80.0
38.03 -80.0
38.03 -80.0
19.07 -59.0
19.07 -58.0
19.07 -59.0
19.07 -60.0
19.07 -59.0
19.07 -59.0
19.07 -59.0
19.07 -59.0
19.07 -60.0
19.07 -58.0
19.07 -59.0
19.07 -57.0
19.07 -58.0
19.07 -60.0
19.07 -57.0
19.07 -59.0
19.07 -59.0
19.07 -60.0
19.07 -59.0
19.07 -57.0
19.07 -58.0
19.07 -64.0
19.07 -59.0
25.69 -57.0
25.69 -61.0
25.69 -61.0
25.69 -56.0
25.69 -66.0
25.69 -63.0
25.69 -57.0
25.69 -60.0
25.69 -62.0
25.69 -60.0
25.69 -62.0
25.69 -59.0
25.69 -58.0
25.69 -64.0
25.69 -70.0
25.69 -59.0
25.69 -61.0
25.69 -61.0
25.69 -60.0
25.69 -68.0
25.69 -55.0
25.69 -59.0
25.69 -64.0
54.99 -93.0
12.04 -55.0
12.04 -64.0
12.04 -55.0
12.04 -54.0
12.04 -57.0
12.04 -56.0
12.04 -55.0
12.04 -55.0
12.04 -64.0
12.04 -64.0
12.04 -54.0
12.04 -62.0
12.04 -63.0
12.04 -56.0
12.04 -55.0
12.04 -61.0
12.04 -55.0
12.04 -56.0
12.04 -63.0
12.04 -54.0
12.04 -60.0
12.04 -54.0
12.04 -54.0
12.04 -56.0
12.04 -54.0
51.6 -93.0
51.6 -93.0
51.6 -92.0
22.54 -65.0
22.54 -68.0
22.54 -69.0
22.54 -69.0
22.54 -68.0
22.54 -69.0
22.54 -71.0
22.54 -64.0
22.54 -85.0
22.54 -71.0
22.54 -70.0
22.54 -69.0
22.54 -70.0
22.54 -71.0
22.54 -68.0
22.54 -66.0
22.54 -68.0
22.54 -68.0
22.54 -66.0
22.54 -66.0
22.54 -66.0
22.54 -66.0
22.54 -68.0
22.54 -67.0
22.54 -69.0
37.36 -81.0
37.36 -81.0
37.36 -81.0
37.36 -81.0
37.36 -86.0
37.36 -81.0
37.36 -87.0
37.36 -86.0
37.36 -81.0
37.36 -84.0
37.36 -86.0
37.36 -81.0
37.36 -83.0
37.36 -80.0
37.36 -80.0
37.36 -82.0
37.36 -81.0
37.36 -80.0
37.36 -80.0
37.36 -90.0
37.36 -85.0
37.36 -81.0
37.36 -84.0
31.96 -76.0
31.96 -80.0
31.96 -77.0
31.96 -78.0
31.96 -79.0
31.96 -71.0
31.96 -78.0
31.96 -78.0
31.96 -80.0
31.96 -80.0
31.96 -79.0
31.96 -76.0
31.96 -80.0
31.96 -73.0
31.96 -78.0
31.96 -81.0
31.96 -79.0
31.96 -77.0
31.96 -78.0
31.96 -80.0
31.96 -74.0
31.96 -79.0
31.96 -72.0
31.96 -76.0
31.96 -78.0
9.11 -50.0
9.11 -49.0
9.11 -49.0
9.11 -49.0
9.11 -51.0
9.11 -50.0
9.11 -49.0
9.11 -51.0
9.11 -49.0
9.11 -49.0
9.11 -51.0
9.11 -49.0
9.11 -50.0
9.11 -50.0
9.11 -50.0
9.11 -50.0
9.11 -50.0
9.11 -50.0
9.11 -50.0
9.11 -49.0
9.11 -49.0
9.11 -50.0
9.11 -49.0
9.11 -51.0
47.57 -91.0
47.57 -92.0
47.57 -91.0
47.57 -90.0
47.57 -90.0
47.57 -91.0
47.57 -92.0
47.57 -92.0
47.57 -91.0
47.57 -90.0
25.87 -64.0
25.87 -65.0
25.87 -62.0
25.87 -62.0
25.87 -64.0
25.87 -64.0
25.87 -61.0
25.87 -66.0
25.87 -62.0
25.87 -61.0
25.87 -69.0
25.87 -61.0
25.87 -65.0
25.87 -63.0
25.87 -61.0
25.87 -69.0
25.87 -73.0
25.87 -69.0
25.87 -62.0
25.87 -65.0
25.87 -61.0
25.87 -67.0
25.87 -70.0
25.87 -62.0
25.87 -69.0
36.93 -77.0
36.93 -78.0
36.93 -78.0
36.93 -78.0
36.93 -78.0
36.93 -77.0
36.93 -78.0
36.93 -78.0
36.93 -77.0
36.93 -79.0
36.93 -78.0
36.93 -78.0
36.93 -78.0
36.93 -77.0
36.93 -78.0
36.93 -77.0
36.93 -78.0
36.93 -78.0
36.93 -77.0
36.93 -78.0
36.93 -82.0
36.93 -77.0
36.93 -77.0
36.93 -78.0
36.93 -78.0
18.38 -62.0
18.38 -62.0
18.38 -62.0
18.38 -67.0
18.38 -62.0
18.38 -64.0
18.38 -66.0
18.38 -61.0
18.38 -63.0
18.38 -68.0
18.38 -61.0
18.38 -63.0
18.38 -62.0
18.38 -62.0
18.38 -67.0
18.38 -63.0
18.38 -63.0
18.38 -62.0
18.38 -62.0
18.38 -62.0
18.38 -63.0
18.38 -64.0
18.38 -63.0
18.38 -69.0
18.38 -68.0
58.46 -93.0
58.46 -92.0
58.46 -93.0
58.46 -93.0
58.46 -92.0
58.46 -94.0
58.46 -93.0
11.17 -56.0
11.17 -53.0
11.17 -56.0
11.17 -53.0
11.17 -51.0
11.17 -52.0
11.17 -53.0
11.17 -53.0
11.17 -53.0
11.17 -54.0
11.17 -53.0
11.17 -63.0
11.17 -54.0
11.17 -55.0
11.17 -55.0
11.17 -57.0
11.17 -58.0
11.17 -56.0
11.17 -53.0
11.17 -56.0
11.17 -52.0
11.17 -53.0
11.17 -53.0
29.43 -69.0
29.43 -69.0
29.43 -63.0
29.43 -68.0
29.43 -65.0
29.43 -66.0
29.43 -65.0
29.43 -66.0
29.43 -64.0
29.43 -65.0
29.43 -63.0
29.43 -64.0
29.43 -67.0
29.43 -65.0
29.43 -86.0
29.43 -66.0
29.43 -64.0
29.43 -66.0
29.43 -69.0
29.43 -63.0
29.43 -65.0
29.43 -63.0
29.43 -63.0
29.43 -65.0
29.43 -63.0
46.08 -88.0
46.08 -88.0
46.08 -88.0
46.08 -87.0
46.08 -89.0
46.08 -90.0
46.08 -90.0
46.08 -88.0
46.08 -88.0
46.08 -87.0
46.08 -90.0
46.08 -89.0
46.08 -88.0
46.08 -88.0
46.08 -90.0
46.08 -90.0
46.08 -89.0
46.08 -87.0
46.08 -91.0
27.28 -64.0
27.28 -63.0
27.28 -65.0
27.28 -63.0
27.28 -68.0
27.28 -64.0
27.28 -70.0
27.28 -64.0
27.28 -70.0
27.28 -64.0
27.28 -64.0
27.28 -63.0
27.28 -63.0
27.28 -65.0
27.28 -64.0
27.28 -66.0
27.28 -63.0
27.28 -63.0
27.28 -64.0
27.28 -64.0
27.28 -66.0
27.28 -67.0
27.28 -64.0
27.28 -63.0
20.39 -55.0
20.39 -55.0
20.39 -55.0
20.39 -52.0
20.39 -59.0
20.39 -54.0
20.39 -55.0
20.39 -54.0
20.39 -54.0
20.39 -80.0
20.39 -57.0
20.39 -56.0
20.39 -55.0
20.39 -53.0
20.39 -66.0
20.39 -55.0
20.39 -56.0
20.39 -55.0
20.39 -56.0
20.39 -55.0
20.39 -56.0
20.39 -59.0
20.39 -54.0
34.81 -83.0
34.81 -85.0
34.81 -85.0
34.81 -84.0
34.81 -84.0
34.81 -81.0
34.81 -84.0
34.81 -84.0
34.81 -82.0
34.81 -82.0
34.81 -81.0
34.81 -84.0
34.81 -86.0
34.81 -85.0
34.81 -84.0
34.81 -82.0
34.81 -85.0
34.81 -82.0
34.81 -84.0
34.81 -84.0
34.81 -80.0
34.81 -84.0
34.81 -83.0
34.81 -85.0
24.13 -56.0
24.13 -58.0
24.13 -59.0
24.13 -64.0
24.13 -57.0
24.13 -58.0
24.13 -57.0
24.13 -60.0
24.13 -60.0
24.13 -63.0
24.13 -59.0
24.13 -61.0
24.13 -57.0
24.13 -62.0
24.13 -58.0
24.13 -58.0
24.13 -63.0
24.13 -57.0
24.13 -58.0
24.13 -60.0
24.13 -59.0
24.13 -61.0
24.13 -61.0
24.13 -59.0
24.13 -56.0
30.67 -69.0
30.67 -72.0
30.67 -69.0
30.67 -66.0
30.67 -73.0
30.67 -69.0
30.67 -70.0
30.67 -67.0
30.67 -75.0
30.67 -70.0
30.67 -85.0
30.67 -73.0
30.67 -70.0
30.67 -74.0
30.67 -71.0
30.67 -68.0
30.67 -70.0
30.67 -67.0
30.67 -72.0
30.67 -71.0
30.67 -74.0
30.67 -71.0
30.67 -73.0
9.49 -50.0
9.49 -48.0
9.49 -49.0
9.49 -51.0
9.49 -46.0
9.49 -49.0
9.49 -46.0
9.49 -45.0
9.49 -50.0
9.49 -46.0
9.49 -47.0
9.49 -49.0
9.49 -50.0
9.49 -50.0
9.49 -45.0
9.49 -49.0
9.49 -47.0
9.49 -49.0
9.49 -49.0
9.49 -51.0
9.49 -53.0
9.49 -52.0
9.49 -51.0
9.49 -49.0
43.99 -94.0
43.99 -93.0
43.99 -93.0
43.99 -94.0
43.99 -92.0
43.99 -92.0
43.99 -92.0
43.99 -93.0
43.99 -93.0
43.99 -90.0
43.99 -93.0
43.99 -93.0
43.99 -94.0
43.99 -91.0
43.99 -94.0
43.99 -91.0
43.99 -93.0
42.48 -87.0
42.48 -88.0
42.48 -87.0
42.48 -86.0
42.48 -88.0
42.48 -86.0
42.48 -88.0
42.48 -90.0
42.48 -89.0
42.48 -87.0
42.48 -86.0
42.48 -86.0
42.48 -88.0
42.48 -88.0
42.48 -86.0
42.48 -86.0
42.48 -87.0
42.48 -87.0
42.48 -89.0
42.48 -87.0
42.48 -91.0
42.48 -91.0
25.37 -61.0
25.37 -61.0
25.37 -58.0
25.37 -59.0
25.37 -57.0
25.37 -58.0
25.37 -59.0
25.37 -60.0
25.37 -63.0
25.37 -59.0
25.37 -60.0
25.37 -59.0
25.37 -59.0
25.37 -58.0
25.37 -58.0
25.37 -64.0
25.37 -64.0
25.37 -57.0
25.37 -57.0
25.37 -61.0
25.37 -59.0
25.37 -58.0
25.37 -60.0
25.37 -57.0
38.58 -82.0
38.58 -83.0
38.58 -84.0
38.58 -81.0
38.58 -85.0
38.58 -82.0
38.58 -89.0
38.58 -83.0
38.58 -88.0
38.58 -85.0
38.58 -84.0
38.58 -83.0
38.58 -84.0
38.58 -83.0
38.58 -82.0
38.58 -81.0
38.58 -82.0
38.58 -87.0
38.58 -82.0
38.58 -82.0
38.58 -85.0
38.58 -81.0
38.58 -82.0
38.58 -83.0
16.52 -61.0
16.52 -55.0
16.52 -55.0
16.52 -62.0
16.52 -60.0
16.52 -63.0
16.52 -63.0
16.52 -59.0
16.52 -58.0
16.52 -57.0
16.52 -60.0
16.52 -58.0
16.52 -54.0
16.52 -60.0
16.52 -57.0
16.52 -58.0
16.52 -62.0
16.52 -55.0
16.52 -56.0
16.52 -57.0
16.52 -62.0
16.52 -60.0
16.52 -62.0
25.63 -65.0
25.63 -63.0
25.63 -66.0
25.63 -64.0
25.63 -64.0
25.63 -64.0
25.63 -65.0
25.63 -68.0
25.63 -64.0
25.63 -63.0
25.63 -64.0
25.63 -64.0
25.63 -64.0
25.63 -66.0
25.63 -63.0
25.63 -63.0
25.63 -64.0
25.63 -66.0
25.63 -71.0
25.63 -70.0
25.63 -65.0
25.63 -64.0
25.63 -64.0
25.63 -63.0
25.63 -65.0
54.28 -93.0
54.28 -92.0
54.28 -93.0
54.28 -93.0
54.28 -94.0
54.28 -92.0
9.95 -78.0
9.95 -51.0
9.95 -51.0
9.95 -52.0
9.95 -50.0
9.95 -52.0
9.95 -50.0
9.95 -50.0
9.95 -51.0
9.95 -50.0
9.95 -51.0
9.95 -52.0
9.95 -50.0
9.95 -51.0
9.95 -50.0
9.95 -50.0
9.95 -50.0
9.95 -51.0
9.95 -50.0
9.95 -52.0
9.95 -50.0
9.95 -50.0
9.95 -52.0
9.95 -52.0
48.9 -90.0
48.9 -91.0
48.9 -92.0
48.9 -92.0
48.9 -90.0
48.9 -93.0
48.9 -91.0
48.9 -90.0
48.9 -92.0
48.9 -92.0
48.9 -92.0
26.8 -63.0
26.8 -64.0
26.8 -64.0
26.8 -62.0
26.8 -65.0
26.8 -63.0
26.8 -64.0
26.8 -62.0
26.8 -64.0
26.8 -62.0
26.8 -65.0
26.8 -64.0
26.8 -63.0
26.8 -63.0
26.8 -64.0
26.8 -63.0
26.8 -66.0
26.8 -62.0
26.8 -63.0
26.8 -67.0
26.8 -65.0
26.8 -63.0
26.8 -65.0
26.8 -62.0
19.75 -68.0
19.75 -67.0
19.75 -66.0
19.75 -66.0
19.75 -68.0
19.75 -65.0
19.75 -65.0
19.75 -69.0
19.75 -69.0
19.75 -64.0
19.75 -68.0
19.75 -67.0
19.75 -71.0
19.75 -67.0
19.75 -65.0
19.75 -67.0
19.75 -64.0
19.75 -68.0
19.75 -66.0
19.75 -67.0
19.75 -68.0
19.75 -67.0
19.75 -70.0
19.75 -67.0
34.99 -86.0
34.99 -80.0
34.99 -82.0
34.99 -79.0
34.99 -81.0
34.99 -79.0
34.99 -82.0
34.99 -88.0
34.99 -80.0
34.99 -79.0
34.99 -79.0
34.99 -84.0
34.99 -80.0
34.99 -78.0
34.99 -80.0
34.99 -87.0
34.99 -80.0
34.99 -85.0
34.99 -79.0
34.99 -85.0
34.99 -79.0
34.99 -80.0
34.99 -85.0
33.75 -79.0
33.75 -79.0
33.75 -78.0
33.75 -82.0
33.75 -80.0
33.75 -81.0
33.75 -80.0
33.75 -79.0
33.75 -79.0
33.75 -79.0
33.75 -79.0
33.75 -81.0
33.75 -78.0
33.75 -79.0
33.75 -80.0
33.75 -80.0
33.75 -79.0
33.75 -81.0
33.75 -80.0
33.75 -82.0
33.75 -81.0
33.75 -80.0
33.75 -79.0
33.75 -81.0
8.01 -50.0
8.01 -86.0
8.01 -50.0
8.01 -51.0
8.01 -51.0
8.01 -50.0
8.01 -46.0
8.01 -50.0
8.01 -50.0
8.01 -47.0
8.01 -50.0
8.01 -49.0
8.01 -50.0
8.01 -51.0
8.01 -45.0
8.01 -50.0
8.01 -50.0
8.01 -46.0
8.01 -50.0
8.01 -50.0
8.01 -51.0
8.01 -51.0
8.01 -47.0
43.15 -89.0
43.15 -89.0
43.15 -87.0
43.15 -86.0
43.15 -88.0
43.15 -92.0
43.15 -86.0
43.15 -89.0
43.15 -86.0
43.15 -92.0
43.15 -92.0
43.15 -90.0
43.15 -91.0
43.15 -88.0
43.15 -89.0
43.15 -93.0
43.15 -87.0
43.15 -86.0
44.93 -93.0
44.93 -92.0
44.93 -92.0
44.93 -91.0
44.93 -91.0
44.93 -92.0
44.93 -93.0
44.93 -92.0
44.93 -94.0
35.87 -78.0
35.87 -78.0
35.87 -77.0
35.87 -80.0
35.87 -81.0
35.87 -81.0
35.87 -78.0
35.87 -79.0
35.87 -81.0
35.87 -78.0
35.87 -80.0
35.87 -78.0
35.87 -80.0
35.87 -80.0
35.87 -80.0
35.87 -80.0
35.87 -79.0
35.87 -80.0
35.87 -80.0
35.87 -80.0
35.87 -80.0
35.87 -81.0
35.87 -80.0
35.87 -78.0
35.87 -78.0
15.72 -56.0
15.72 -56.0
15.72 -58.0
15.72 -58.0
15.72 -58.0
15.72 -56.0
15.72 -59.0
15.72 -58.0
15.72 -57.0
15.72 -60.0
15.72 -56.0
15.72 -59.0
15.72 -59.0
15.72 -59.0
15.72 -59.0
15.72 -56.0
15.72 -58.0
15.72 -59.0
15.72 -59.0
15.72 -59.0
15.72 -60.0
15.72 -56.0
15.72 -59.0
15.72 -56.0
15.72 -63.0
55.7 -92.0
9.85 -51.0
9.85 -53.0
9.85 -52.0
9.85 -51.0
9.85 -53.0
9.85 -48.0
9.85 -49.0
9.85 -51.0
9.85 -54.0
9.85 -54.0
9.85 -47.0
9.85 -52.0
9.85 -53.0
9.85 -53.0
9.85 -51.0
9.85 -51.0
9.85 -51.0
9.85 -51.0
9.85 -52.0
9.85 -49.0
9.85 -47.0
9.85 -51.0
28.59 -71.0
28.59 -70.0
28.59 -70.0
28.59 -71.0
28.59 -66.0
28.59 -70.0
28.59 -70.0
28.59 -70.0
28.59 -71.0
28.59 -70.0
28.59 -70.0
28.59 -69.0
28.59 -71.0
28.59 -69.0
28.59 -71.0
28.59 -70.0
28.59 -70.0
28.59 -71.0
28.59 -69.0
28.59 -70.0
28.59 -71.0
28.59 -69.0
28.59 -68.0
43.66 -88.0
43.66 -90.0
43.66 -91.0
43.66 -87.0
43.66 -89.0
43.66 -93.0
43.66 -91.0
43.66 -90.0
43.66 -87.0
43.66 -91.0
43.66 -88.0
43.66 -91.0
43.66 -89.0
43.66 -89.0
43.66 -88.0
43.66 -92.0
43.66 -87.0
43.66 -89.0
17.78 -62.0
17.78 -76.0
17.78 -63.0
17.78 -61.0
17.78 -63.0
17.78 -62.0
17.78 -59.0
17.78 -62.0
17.78 -63.0
17.78 -60.0
17.78 -62.0
17.78 -64.0
17.78 -62.0
17.78 -60.0
17.78 -58.0
17.78 -62.0
17.78 -62.0
17.78 -62.0
17.78 -63.0
17.78 -60.0
17.78 -62.0
17.78 -62.0
17.78 -62.0
53.68 -92.0
29.87 -70.0
29.87 -71.0
29.87 -70.0
29.87 -70.0
29.87 -70.0
29.87 -70.0
29.87 -69.0
29.87 -66.0
29.87 -67.0
29.87 -69.0
29.87 -69.0
29.87 -69.0
29.87 -70.0
29.87 -70.0
29.87 -71.0
29.87 -71.0
29.87 -71.0
29.87 -70.0
29.87 -70.0
29.87 -69.0
29.87 -66.0
29.87 -70.0
29.87 -68.0
29.87 -68.0
29.87 -70.0
41.56 -93.0
41.56 -92.0
41.56 -93.0
41.56 -93.0
41.56 -92.0
41.56 -92.0
41.56 -92.0
41.56 -94.0
41.56 -92.0
41.56 -91.0
40.19 -91.0
40.19 -89.0
40.19 -88.0
40.19 -89.0
40.19 -92.0
40.19 -90.0
40.19 -90.5
40.19 -90.0
40.19 -90.0
40.19 -92.0
40.19 -90.0
40.19 -91.0
40.19 -89.0
40.19 -89.0
40.19 -89.0
40.19 -89.0
40.19 -92.0
40.19 -91.0
40.19 -87.0
40.19 -90.0
40.19 -90.0
39.36 -83.0
39.36 -83.0
39.36 -83.0
39.36 -84.0
39.36 -84.0
39.36 -83.0
39.36 -85.0
39.36 -82.0
39.36 -85.0
39.36 -86.0
39.36 -84.0
39.36 -82.0
39.36 -81.0
39.36 -84.0
39.36 -84.0
39.36 -82.0
39.36 -80.0
39.36 -85.0
39.36 -84.0
39.36 -83.0
39.36 -80.0
39.36 -85.0
39.36 -84.0
39.36 -82.0
24.95 -60.0
24.95 -62.0
24.95 -57.0
24.95 -61.0
24.95 -62.0
24.95 -62.0
24.95 -66.0
24.95 -64.0
24.95 -62.0
24.95 -59.0
24.95 -66.0
24.95 -66.0
24.95 -61.0
24.95 -61.0
24.95 -61.0
24.95 -60.0
24.95 -59.0
24.95 -59.0
24.95 -62.0
24.95 -59.0
24.95 -62.0
24.95 -60.0
24.95 -61.0
24.95 -67.0
36.16 -84.0
36.16 -85.0
36.16 -87.0
36.16 -88.0
36.16 -85.0
36.16 -81.0
36.16 -91.0
36.16 -83.0
36.16 -84.0
36.16 -84.0
36.16 -86.0
36.16 -84.0
36.16 -85.0
36.16 -82.0
36.16 -84.0
36.16 -82.0
36.16 -86.0
36.16 -84.0
36.16 -84.0
36.16 -86.0
36.16 -87.0
36.16 -86.0
36.16 -84.0
34.83 -79.0
34.83 -81.0
34.83 -80.0
34.83 -80.0
34.83 -82.0
34.83 -79.0
34.83 -80.0
34.83 -80.0
34.83 -79.0
34.83 -79.0
34.83 -82.0
34.83 -82.0
34.83 -80.0
34.83 -79.0
34.83 -80.0
34.83 -81.0
34.83 -78.0
34.83 -78.0
34.83 -79.0
34.83 -79.0
34.83 -79.0
34.83 -81.0
34.83 -80.0
34.83 -80.0
14.15 -58.0
14.15 -56.0
14.15 -54.0
14.15 -59.0
14.15 -53.0
14.15 -59.0
14.15 -51.0
14.15 -52.0
14.15 -59.0
14.15 -59.0
14.15 -53.0
14.15 -86.0
14.15 -52.0
14.15 -59.0
14.15 -60.0
14.15 -53.0
14.15 -53.0
14.15 -52.0
14.15 -52.0
14.15 -52.0
14.15 -60.0
14.15 -62.0
14.15 -78.0
14.15 -51.0
49.82 -93.0
49.82 -93.0
49.82 -92.0
49.82 -92.0
49.82 -92.0
49.82 -93.0
49.82 -93.0
49.82 -95.0
8.45 -51.0
8.45 -54.0
8.45 -51.0
8.45 -56.0
8.45 -51.0
8.45 -56.0
8.45 -50.0
8.45 -55.0
8.45 -53.0
8.45 -51.0
8.45 -52.0
8.45 -52.0
8.45 -53.0
8.45 -50.0
8.45 -49.0
8.45 -55.0
8.45 -53.0
8.45 -53.0
8.45 -50.0
8.45 -50.0
8.45 -49.0
8.45 -51.0
8.45 -52.0
8.45 -52.0
8.45 -56.0
27.82 -58.0
27.82 -61.0
27.82 -59.0
27.82 -61.0
27.82 -60.0
27.82 -60.0
27.82 -61.0
27.82 -61.0
27.82 -61.0
27.82 -60.0
27.82 -60.0
27.82 -60.0
27.82 -61.0
27.82 -60.0
27.82 -70.0
27.82 -61.0
27.82 -60.0
27.82 -60.0
27.82 -60.0
27.82 -62.0
27.82 -63.0
27.82 -59.0
27.82 -60.0
46.25 -92.0
46.25 -91.0
46.25 -91.0
46.25 -93.0
46.25 -92.0
46.25 -92.0
46.25 -91.0
46.25 -92.0
46.25 -91.0
46.25 -91.0
46.25 -93.0
46.25 -92.0
46.25 -93.0
24.48 -58.0
24.48 -64.0
24.48 -61.0
24.48 -61.0
24.48 -60.0
24.48 -57.0
24.48 -58.0
24.48 -59.0
24.48 -59.0
24.48 -57.0
24.48 -58.0
24.48 -58.0
24.48 -60.0
24.48 -60.0
24.48 -61.0
24.48 -61.0
24.48 -58.0
24.48 -60.0
24.48 -60.0
24.48 -57.0
24.48 -60.0
24.48 -59.0
24.48 -60.0
24.48 -60.0
24.48 -60.0
26.4 -67.0
26.4 -67.0
26.4 -65.0
26.4 -69.0
26.4 -64.0
26.4 -64.0
26.4 -66.0
26.4 -64.0
26.4 -63.0
26.4 -64.0
26.4 -62.0
26.4 -65.0
26.4 -66.0
26.4 -67.0
26.4 -65.0
26.4 -66.0
26.4 -67.0
26.4 -67.0
26.4 -62.0
26.4 -64.0
26.4 -62.0
26.4 -63.0
26.4 -67.0
26.4 -65.0
26.4 -65.0
17.04 -59.0
17.04 -59.0
17.04 -58.0
17.04 -59.0
17.04 -63.0
17.04 -58.0
17.04 -64.0
17.04 -59.0
17.04 -59.0
17.04 -62.0
17.04 -62.0
17.04 -62.0
17.04 -61.0
17.04 -64.0
17.04 -59.0
17.04 -64.0
17.04 -64.0
17.04 -63.0
17.04 -62.0
17.04 -63.0
17.04 -59.0
17.04 -59.0
17.04 -64.0
17.04 -64.0
17.04 -59.0
32.72 -76.0
32.72 -77.0
32.72 -81.0
32.72 -80.0
32.72 -79.0
32.72 -78.0
32.72 -75.0
32.72 -77.0
32.72 -78.0
32.72 -76.0
32.72 -74.0
32.72 -74.0
32.72 -77.0
32.72 -74.0
32.72 -78.0
32.72 -75.0
32.72 -78.0
32.72 -76.0
32.72 -77.0
32.72 -75.0
32.72 -74.0
32.72 -77.0
32.72 -78.0
32.72 -77.0
32.72 -77.0
57.08 -92.0
57.08 -92.0
57.08 -90.0
57.08 -92.0
57.08 -90.0
57.08 -91.0
29.13 -65.0
29.13 -77.0
29.13 -65.0
29.13 -65.0
29.13 -64.0
29.13 -64.0
29.13 -68.0
29.13 -68.0
29.13 -66.0
29.13 -67.0
29.13 -65.0
29.13 -65.0
29.13 -66.0
29.13 -64.0
29.13 -66.0
29.13 -69.0
29.13 -68.0
29.13 -65.0
29.13 -64.0
29.13 -67.0
29.13 -68.0
29.13 -68.0
40.67 -92.0
40.67 -90.0
40.67 -92.0
40.67 -88.0
40.67 -91.0
40.67 -91.0
40.67 -87.0
40.67 -85.0
40.67 -87.0
40.67 -87.0
40.67 -89.0
40.67 -92.0
40.67 -87.0
40.67 -84.0
40.67 -89.0
40.67 -88.0
40.67 -88.0
40.67 -91.0
40.67 -86.0
40.67 -89.0
40.67 -92.0
40.67 -86.0
42.35 -86.0
42.35 -88.0
42.35 -92.0
42.35 -88.0
42.35 -93.0
42.35 -88.0
42.35 -89.0
42.35 -91.0
42.35 -87.0
42.35 -89.0
42.35 -91.0
42.35 -90.0
42.35 -91.0
42.35 -90.0
42.35 -92.0
42.35 -89.0
42.35 -93.0
42.35 -91.0
42.35 -92.0
42.35 -92.0
42.35 -89.0
42.35 -91.0
38.18 -78.0
38.18 -80.0
38.18 -78.0
38.18 -79.0
38.18 -78.0
38.18 -79.0
38.18 -79.0
38.18 -81.0
38.18 -80.0
38.18 -78.0
38.18 -79.0
38.18 -80.0
38.18 -79.0
38.18 -88.0
38.18 -87.0
38.18 -79.0
38.18 -79.0
38.18 -81.0
38.18 -79.0
38.18 -79.0
38.18 -79.0
38.18 -78.0
38.18 -79.0
38.18 -80.0
38.18 -78.0
24.61 -58.0
24.61 -64.0
24.61 -59.0
24.61 -59.0
24.61 -58.0
24.61 -59.0
24.61 -59.0
24.61 -59.0
24.61 -59.0
24.61 -57.0
24.61 -61.0
24.61 -62.0
24.61 -59.0
24.61 -66.0
24.61 -59.0
24.61 -57.0
24.61 -59.0
24.61 -57.0
24.61 -60.0
24.61 -71.0
24.61 -58.0
24.61 -60.0
24.61 -59.0
24.61 -59.0
13.21 -61.0
13.21 -62.0
13.21 -61.0
13.21 -65.0
13.21 -59.0
13.21 -61.0
13.21 -58.0
13.21 -66.0
13.21 -62.0
13.21 -57.0
13.21 -58.0
13.21 -58.0
13.21 -64.0
13.21 -63.0
13.21 -62.0
13.21 -58.0
13.21 -58.0
13.21 -61.0
13.21 -59.0
13.21 -61.0
13.21 -57.0
13.21 -68.0
13.21 -59.0
13.21 -58.0
13.21 -57.0
52.96 -95.0
52.96 -93.0
52.96 -93.0
52.96 -93.0
52.96 -94.0
52.96 -92.0
52.96 -93.0
52.96 -92.0
9.35 -47.0
9.35 -48.0
9.35 -48.0
9.35 -49.0
9.35 -47.0
9.35 -47.0
9.35 -49.0
9.35 -49.0
9.35 -48.0
9.35 -48.0
9.35 -47.0
9.35 -46.0
9.35 -48.0
9.35 -48.0
9.35 -48.0
9.35 -47.0
9.35 -46.0
9.35 -47.0
9.35 -49.0
9.35 -48.0
9.35 -49.0
9.35 -48.0
9.35 -49.0
9.35 -49.0
9.35 -46.0
42.76 -91.0
42.76 -93.0
42.76 -93.0
42.76 -94.0
42.76 -94.0
42.76 -94.0
42.76 -93.0
42.76 -93.0
42.76 -93.0
42.76 -90.0
42.76 -93.0
41.32 -88.0
41.32 -89.0
41.32 -92.0
41.32 -90.0
41.32 -90.0
41.32 -90.0
41.32 -90.0
41.32 -90.0
41.32 -89.0
41.32 -90.0
41.32 -87.0
41.32 -88.0
41.32 -91.0
41.32 -88.0
41.32 -90.0
41.32 -86.0
41.32 -89.0
41.32 -89.0
41.32 -89.0
41.32 -91.0
41.32 -89.0
40.29 -88.0
40.29 -88.0
40.29 -85.0
40.29 -85.0
40.29 -89.0
40.29 -86.0
40.29 -85.0
40.29 -88.0
40.29 -86.0
40.29 -85.0
40.29 -84.0
40.29 -83.0
40.29 -84.0
40.29 -89.0
40.29 -85.0
40.29 -83.0
40.29 -85.0
40.29 -85.0
40.29 -81.0
40.29 -85.0
40.29 -84.0
40.29 -84.0
23.95 -69.0
23.95 -72.0
23.95 -72.0
23.95 -68.0
23.95 -69.0
23.95 -69.0
23.95 -71.0
23.95 -68.0
23.95 -66.0
23.95 -69.0
23.95 -66.0
23.95 -72.0
23.95 -68.0
23.95 -70.0
23.95 -72.0
23.95 -68.0
23.95 -71.0
23.95 -68.0
23.95 -64.0
23.95 -69.0
23.95 -69.0
23.95 -71.0
23.95 -68.0
23.95 -67.0
23.95 -68.0
26.08 -66.0
26.08 -62.0
26.08 -63.0
26.08 -64.0
26.08 -65.0
26.08 -65.0
26.08 -66.0
26.08 -67.0
26.08 -66.0
26.08 -65.0
26.08 -63.0
26.08 -62.0
26.08 -63.0
26.08 -65.0
26.08 -64.0
26.08 -62.0
26.08 -65.0
26.08 -63.0
26.08 -61.0
26.08 -68.0
26.08 -61.0
26.08 -64.0
26.08 -65.0
26.08 -68.0
15.31 -59.0
15.31 -59.0
15.31 -62.0
15.31 -61.0
15.31 -58.0
15.31 -57.0
15.31 -59.0
15.31 -60.0
15.31 -57.0
15.31 -57.0
15.31 -59.0
15.31 -62.0
15.31 -57.0
15.31 -61.0
15.31 -62.0
15.31 -61.0
15.31 -57.0
15.31 -60.0
15.31 -60.0
15.31 -57.0
15.31 -61.0
15.31 -60.0
15.31 -57.0
15.31 -59.0
31.72 -69.0
31.72 -69.0
31.72 -69.0
31.72 -69.0
31.72 -69.0
31.72 -69.0
31.72 -67.0
31.72 -69.0
31.72 -69.0
31.72 -71.0
31.72 -71.0
31.72 -68.0
31.72 -84.0
31.72 -69.0
31.72 -68.0
31.72 -69.0
31.72 -71.0
31.72 -73.0
31.72 -68.0
31.72 -68.0
31.72 -71.0
31.72 -69.0
31.72 -71.0
31.72 -71.0
31.72 -70.0
52.95 -94.0
52.95 -93.0
52.95 -94.0
52.95 -94.0
52.95 -93.0
52.95 -93.0
52.95 -93.0
37.99 -82.0
37.99 -87.0
37.99 -79.0
37.99 -88.0
37.99 -85.0
37.99 -81.0
37.99 -79.0
37.99 -79.0
37.99 -80.0
37.99 -86.0
37.99 -80.0
37.99 -80.0
37.99 -80.0
37.99 -79.0
37.99 -87.0
37.99 -80.0
37.99 -84.0
37.99 -83.0
37.99 -78.0
37.99 -81.0
37.99 -80.0
37.99 -82.0
61.66 -93.0
33.84 -80.0
33.84 -81.0
33.84 -77.0
33.84 -80.0
33.84 -80.0
33.84 -78.0
33.84 -79.0
33.84 -81.0
33.84 -80.0
33.84 -81.0
33.84 -77.0
33.84 -81.0
33.84 -83.0
33.84 -80.0
33.84 -81.0
33.84 -81.0
33.84 -80.0
33.84 -79.0
33.84 -78.0
33.84 -81.0
33.84 -80.0
33.84 -80.0
33.84 -79.0
33.84 -80.0
33.84 -74.0
12.06 -55.0
12.06 -55.0
12.06 -50.0
12.06 -57.0
12.06 -51.0
12.06 -56.0
12.06 -50.0
12.06 -50.0
12.06 -51.0
12.06 -54.0
12.06 -57.0
12.06 -50.0
12.06 -55.0
12.06 -54.0
12.06 -53.0
12.06 -51.0
12.06 -57.0
12.06 -50.0
12.06 -55.0
12.06 -51.0
12.06 -49.0
12.06 -59.0
12.06 -50.0
12.06 -51.0
47.31 -91.0
47.31 -90.0
47.31 -91.0
47.31 -93.0
47.31 -91.0
47.31 -91.0
47.31 -91.0
47.31 -93.0
7.85 -48.0
7.85 -49.0
7.85 -53.0
7.85 -50.0
7.85 -48.0
7.85 -47.0
7.85 -50.0
7.85 -48.0
7.85 -61.0
7.85 -52.0
7.85 -47.0
7.85 -50.0
7.85 -50.0
7.85 -52.0
7.85 -46.0
7.85 -52.0
7.85 -52.0
7.85 -51.0
7.85 -51.0
7.85 -51.0
7.85 -50.0
27.1 -71.0
27.1 -70.0
27.1 -68.0
27.1 -69.0
27.1 -73.0
27.1 -70.0
27.1 -68.0
27.1 -70.0
27.1 -66.0
27.1 -69.0
27.1 -73.0
27.1 -70.0
27.1 -70.0
27.1 -69.0
27.1 -71.0
27.1 -72.0
27.1 -68.0
27.1 -69.0
27.1 -72.0
27.1 -71.0
27.1 -72.0
27.1 -71.0
27.1 -66.0
41.9 -89.0
41.9 -88.0
41.9 -89.0
41.9 -93.0
41.9 -89.0
41.9 -90.0
41.9 -90.0
41.9 -91.0
41.9 -89.0
41.9 -92.0
41.9 -92.0
41.9 -86.0
41.9 -89.0
41.9 -90.0
41.9 -90.0
41.9 -88.0
41.9 -90.0
41.9 -91.0
41.9 -87.0
41.9 -90.0
41.9 -89.0
41.9 -85.0
43.63 -92.0
43.63 -95.0
43.63 -94.0
43.63 -92.0
43.63 -93.0
43.63 -93.0
43.63 -93.0
43.63 -92.0
43.63 -93.0
43.63 -92.0
39.15 -84.0
39.15 -84.0
39.15 -84.0
39.15 -83.0
39.15 -86.0
39.15 -84.0
39.15 -82.0
39.15 -84.0
39.15 -87.0
39.15 -83.0
39.15 -82.0
39.15 -83.0
39.15 -84.0
39.15 -83.0
39.15 -83.0
39.15 -84.0
39.15 -82.0
39.15 -81.0
39.15 -84.0
39.15 -80.0
39.15 -89.0
39.15 -82.0
39.15 -82.0
39.15 -85.0
21.74 -62.0
21.74 -58.0
21.74 -63.0
21.74 -61.0
21.74 -59.0
21.74 -63.0
21.74 -60.0
21.74 -60.0
21.74 -59.0
21.74 -58.0
21.74 -59.0
21.74 -59.0
21.74 -58.0
21.74 -57.0
21.74 -60.0
21.74 -58.0
21.74 -59.0
21.74 -56.0
21.74 -57.0
21.74 -58.0
21.74 -58.0
21.74 -65.0
21.74 -60.0
57.63 -94.0
57.63 -94.0
14.44 -55.0
14.44 -55.0
14.44 -55.0
14.44 -56.0
14.44 -56.0
14.44 -56.0
14.44 -57.0
14.44 -57.0
14.44 -55.0
14.44 -58.0
14.44 -56.0
14.44 -59.0
14.44 -65.0
14.44 -58.0
14.44 -58.0
14.44 -58.0
14.44 -56.0
14.44 -66.0
14.44 -56.0
14.44 -60.0
14.44 -61.0
14.44 -60.0
52.26 -94.0
54.32 -93.0
54.32 -92.0
54.32 -92.0
28.44 -65.0
28.44 -65.0
28.44 -68.0
28.44 -67.0
28.44 -67.0
28.44 -63.0
28.44 -67.0
28.44 -68.0
28.44 -67.0
28.44 -65.0
28.44 -67.0
28.44 -68.0
28.44 -68.0
28.44 -65.0
28.44 -66.0
28.44 -68.0
28.44 -67.0
28.44 -68.0
28.44 -69.0
28.44 -66.0
28.44 -66.0
28.44 -65.0
28.44 -68.0
28.44 -68.0
28.44 -68.0
39.82 -92.0
39.82 -92.0
39.82 -90.0
39.82 -90.0
39.82 -91.0
39.82 -90.0
39.82 -88.0
39.82 -90.0
39.82 -91.0
39.82 -92.0
39.82 -90.0
39.82 -92.0
39.82 -90.0
39.82 -90.0
39.82 -92.0
39.82 -91.0
39.82 -89.0
39.82 -90.0
39.82 -92.0
39.82 -89.0
39.82 -91.0
37.03 -80.0
37.03 -84.0
37.03 -80.0
37.03 -81.0
37.03 -80.0
37.03 -81.0
37.03 -83.0
37.03 -80.0
37.03 -82.0
37.03 -81.0
37.03 -81.0
37.03 -82.0
37.03 -80.0
37.03 -80.0
37.03 -83.0
37.03 -84.0
37.03 -85.0
37.03 -81.0
37.03 -80.0
37.03 -81.0
37.03 -84.0
37.03 -81.0
37.03 -80.0
37.03 -81.0
37.03 -80.0
24.36 -65.0
24.36 -61.0
24.36 -61.0
24.36 -61.0
24.36 -60.0
24.36 -63.0
24.36 -60.0
24.36 -57.0
24.36 -60.0
24.36 -63.0
24.36 -62.0
24.36 -63.0
24.36 -61.0
24.36 -61.0
24.36 -63.0
24.36 -63.0
24.36 -60.0
24.36 -64.0
24.36 -61.0
24.36 -59.0
24.36 -59.0
24.36 -64.0
32.88 -75.0
32.88 -73.0
32.88 -77.0
32.88 -73.0
32.88 -74.0
32.88 -74.0
32.88 -74.0
32.88 -84.0
32.88 -73.0
32.88 -79.0
32.88 -72.0
32.88 -73.0
32.88 -72.0
32.88 -74.0
32.88 -74.0
32.88 -74.0
32.88 -73.0
32.88 -74.0
32.88 -75.0
32.88 -75.0
32.88 -73.0
32.88 -74.0
32.88 -70.0
32.88 -76.0
32.88 -73.0
10.94 -54.0
10.94 -51.0
10.94 -54.0
10.94 -51.0
10.94 -51.0
10.94 -50.0
10.94 -53.0
10.94 -54.0
10.94 -54.0
10.94 -51.0
10.94 -49.0
10.94 -52.0
10.94 -53.0
10.94 -49.0
10.94 -53.0
10.94 -53.0
10.94 -52.0
10.94 -52.0
10.94 -53.0
10.94 -50.0
10.94 -53.0
10.94 -52.0
10.94 -50.0
10.94 -52.0
10.94 -54.0
50.25 -92.0
50.25 -93.0
50.25 -92.0
50.25 -92.0
50.25 -93.0
50.25 -92.0
50.25 -90.0
50.25 -92.0
50.25 -91.0
50.25 -92.0
26.45 -63.0
26.45 -63.0
26.45 -65.0
26.45 -63.0
26.45 -65.0
26.45 -67.0
26.45 -63.0
26.45 -64.0
26.45 -66.0
26.45 -73.0
26.45 -64.0
26.45 -66.0
26.45 -62.0
26.45 -61.0
26.45 -63.0
26.45 -64.0
26.45 -66.0
26.45 -66.0
26.45 -61.0
26.45 -67.0
26.45 -63.0
26.45 -64.0
26.45 -62.0
26.45 -62.0
26.45 -64.0
39.07 -81.0
39.07 -83.0
39.07 -88.0
39.07 -84.0
39.07 -81.0
39.07 -81.0
39.07 -82.0
39.07 -89.0
39.07 -88.0
39.07 -82.0
39.07 -83.0
39.07 -87.0
39.07 -84.0
39.07 -89.0
39.07 -83.0
39.07 -83.0
39.07 -88.0
39.07 -83.0
39.07 -88.0
39.07 -83.0
39.07 -89.0
39.07 -84.0
39.07 -85.0
39.07 -83.0
39.07 -86.0
21.14 -62.0
21.14 -65.0
21.14 -63.0
21.14 -64.0
21.14 -64.0
21.14 -66.0
21.14 -64.0
21.14 -64.0
21.14 -62.0
21.14 -62.0
21.14 -64.0
21.14 -59.0
21.14 -62.0
21.14 -64.0
21.14 -63.0
21.14 -63.0
21.14 -64.0
21.14 -67.0
21.14 -65.0
21.14 -64.0
21.14 -64.0
21.14 -63.0
21.14 -64.0
21.14 -65.0
25.84 -64.0
25.84 -66.0
25.84 -66.0
25.84 -65.0
25.84 -63.0
25.84 -62.0
25.84 -64.0
25.84 -66.0
25.84 -59.0
25.84 -59.0
25.84 -65.0
25.84 -59.0
25.84 -65.0
25.84 -69.0
25.84 -64.0
25.84 -69.0
25.84 -59.0
25.84 -63.0
25.84 -57.0
25.84 -69.0
25.84 -59.0
25.84 -59.0
13.06 -59.0
13.06 -56.0
13.06 -58.0
13.06 -60.0
13.06 -59.0
13.06 -61.0
13.06 -56.0
13.06 -57.0
13.06 -59.0
13.06 -60.0
13.06 -58.0
13.06 -58.0
13.06 -59.0
13.06 -62.0
13.06 -57.0
13.06 -54.0
13.06 -57.0
13.06 -57.0
13.06 -61.0
13.06 -57.0
13.06 -59.0
13.06 -57.0
13.06 -56.0
30.77 -73.0
30.77 -73.0
30.77 -75.0
30.77 -75.0
30.77 -76.0
30.77 -73.0
30.77 -70.0
30.77 -73.0
30.77 -74.0
30.77 -74.0
30.77 -73.0
30.77 -72.0
30.77 -73.0
30.77 -76.0
30.77 -73.0
30.77 -75.0
30.77 -74.0
30.77 -77.0
30.77 -72.0
30.77 -75.0
30.77 -73.0
30.77 -73.0
30.77 -73.0
30.77 -77.0
